0.00000
0.76458
2.76167
5.22708
7.22327
7.99591
7.25745
5.29180
2.84289
0.83176
0.01006
0.68057
2.58786
5.01786
7.06663
7.97669
7.41585
5.59624
3.19189
1.08757
0.05295
0.46227
2.16105
4.52653
6.69755
7.88843
7.67234
6.13230
3.82721
1.58739
0.21490
0.19711
1.53546
3.74882
6.04824
7.61892
7.90836
6.81915
4.73954
2.40323
0.62952
0.03630
0.82614
2.71920
5.05425
7.02083
7.94058
7.50015
5.85600
3.57699
1.44609
0.19106
0.23669
1.56274
3.71436
5.95969
7.53953
7.92354
6.98685
5.04875
2.76208
0.89238
0.06162
0.54243
2.17041
4.40213
6.49780
7.76682
7.79468
6.57676
4.51653
2.29040
0.62490
0.05988
0.77475
2.53330
4.76336
6.74412
7.83919
7.70026
6.37633
4.29485
2.12229
0.55021
0.07547
0.84442
2.60951
4.81054
6.75345
7.82929
7.70426
6.42182
4.38608
2.23312
0.63166
0.07569
0.73317
2.39697
4.55155
6.53377
7.73720
7.79694
6.69896
4.78152
2.62959
0.89574
0.10234
0.48515
1.92471
3.98509
6.04700
7.49435
7.89791
7.14146
5.45374
3.33795
1.42078
0.26667
0.21229
1.26957
3.12485
5.23316
6.97900
7.85592
7.61263
6.32368
4.36527
2.30437
0.73407
0.10317
0.58887
2.04831
4.06195
6.05510
7.46227
7.88724
7.21356
5.63514
3.59917
1.67857
0.41058
0.14699
0.95756
2.61295
4.65080
6.50558
7.66569
7.81398
6.91340
5.21486
3.18622
1.38273
0.29501
0.21613
1.16381
2.87775
4.89230
6.66355
7.71620
7.77054
6.81572
5.11039
3.11167
1.35196
0.29711
0.22367
1.14742
2.82134
4.80266
6.57064
7.66343
7.79820
6.94337
5.32478
3.36496
1.57227
0.40888
0.17215
0.91950
2.45566
4.38472
6.21280
7.47468
7.85177
7.25173
5.82996
3.94834
2.08244
0.70104
0.14869
0.56049
1.83011
3.63823
5.53363
7.04613
7.80304
7.62036
6.54654
4.84867
2.94523
1.30248
0.32032
0.23542
1.06510
2.60490
4.47983
6.23629
7.45188
7.83663
7.30140
5.97756
4.18386
2.34898
0.90885
0.20326
0.39632
1.43916
3.08321
4.94016
6.57416
7.60405
7.79184
7.09695
5.68398
3.88294
2.11155
0.77824
0.18819
0.47411
1.56727
3.21484
5.03907
6.62426
7.61144
7.77923
7.09275
5.70994
3.94446
2.19401
0.85053
0.21271
0.42015
1.42356
2.99731
4.79081
6.40700
7.49027
7.80434
7.28315
6.04389
4.35995
2.59999
1.14703
0.31519
0.28224
1.05234
2.45656
4.19060
5.88124
7.16676
7.77411
7.57640
6.61863
5.10679
3.36291
1.75609
0.62435
0.20384
0.58012
1.67149
3.24743
4.97786
6.50253
7.50604
7.78267
7.27802
6.09894
4.49022
2.78333
1.32782
0.41985
0.24230
0.82854
2.05688
3.67648
5.35901
6.76545
7.61425
7.73735
7.11282
5.86805
4.25318
2.59036
1.20935
0.38217
0.26999
0.89222
2.12392
3.72147
5.37115
6.75096
7.59333
7.73667
7.15582
5.96575
4.39826
2.75642
1.35574
0.46366
0.24880
0.74962
1.86817
3.38979
5.02478
6.46372
7.43602
7.76049
7.37864
6.36461
4.91022
3.28826
1.80105
0.72411
0.25532
0.47902
1.35141
2.70963
4.30265
5.83793
7.03525
7.67765
7.65039
6.96089
5.73645
4.20018
2.63008
1.30857
0.47177
0.26764
0.73029
1.77479
3.21332
4.78926
6.22324
7.26262
7.72576
7.53341
6.72175
5.43509
3.89980
2.38421
1.15160
0.41464
0.29895
0.82220
1.89189
3.32221
4.86662
6.26056
7.26671
7.71522
7.53198
6.75039
5.50486
4.00726
2.51062
1.26632
0.48192
0.28686
0.71146
1.68277
3.03744
4.54960
5.96870
7.06103
7.64806
7.63530
7.02707
5.92501
4.51066
3.01530
1.68197
0.72601
0.30049
0.47204
1.21082
2.39616
3.83658
5.30100
6.55589
7.40246
7.70790
7.42586
6.60310
5.37129
3.92567
2.49383
1.29984
0.52930
0.30068
0.64751
1.51383
2.76365
4.20253
5.60810
6.76443
7.49513
7.68996
7.32119
6.44710
5.20240
3.77722
2.38783
1.24382
0.51654
0.31372
0.66381
1.51238
2.73092
4.13663
5.51998
6.67601
7.43463
7.68539
7.39326
6.60320
5.43282
4.05468
2.67059
1.48201
0.66082
0.32461
0.52017
1.21732
2.31385
3.65085
5.03590
6.27086
7.18021
7.63579
7.57462
7.00731
6.01590
4.74176
3.36515
2.07966
1.06494
0.46174
0.35259
0.75082
1.59928
2.77884
4.12532
5.45255
6.57812
7.34838
7.65923
7.46993
6.80816
5.76564
4.48519
3.14097
1.91470
0.97113
0.43601
0.37956
0.80756
1.66104
2.82477
4.14294
5.44021
6.54509
7.31247
7.64258
7.49368
6.88709
5.90385
4.67366
3.35758
2.12688
1.14071
0.52568
0.35971
0.66250
1.39341
2.45719
3.71660
5.01031
6.17356
7.05915
7.55595
7.60264
7.19500
6.38603
5.27877
4.01300
2.74748
1.63995
0.82759
0.41010
0.43768
0.90528
1.75359
2.87689
4.13633
5.37722
6.44808
7.21907
7.59757
7.53915
7.05251
6.19802
5.07999
3.83380
2.60939
1.55316
0.79057
0.41137
0.45916
0.92668
1.75707
2.85093
4.07849
5.29502
6.35796
7.14357
7.56122
7.56367
7.15219
6.37602
5.32627
4.12508
2.91126
1.82425
0.98813
0.49754
0.40712
0.72568
1.41550
2.39706
3.55833
4.76768
5.88889
6.79642
7.38945
7.60290
7.41438
6.84639
5.96337
4.86427
3.67133
2.51636
1.52625
0.80900
0.44209
0.46429
0.87172
1.61863
2.62274
3.77440
4.94873
6.01912
6.87092
7.41359
7.59024
7.38339
6.81650
5.95116
4.88025
3.71781
2.58686
1.60638
0.87881
0.47946
0.44886
0.78882
1.46256
2.39884
3.49966
4.65058
5.73270
6.63489
7.26519
7.56005
7.49058
7.06525
6.32866
5.35676
4.24888
3.11749
2.07674
1.23100
0.66442
0.43268
0.55767
1.02561
1.78866
2.77000
3.87166
4.98436
5.99841
6.81448
7.35325
7.56304
7.42458
6.95269
6.19447
5.22456
4.13759
3.03894
2.03449
1.22040
0.67403
0.44664
0.55873
0.99834
1.72249
2.66146
3.72563
4.81411
5.82435
6.66173
7.24843
7.53053
7.48287
7.11111
6.45100
5.56478
4.53523
3.45784
2.43193
1.55150
0.89664
0.52636
0.47335
0.74123
1.30450
2.11102
3.08702
4.14387
5.18622
6.12059
6.86372
7.34997
7.53695
7.40917
6.97915
6.28609
5.39217
4.37693
3.33005
2.34348
1.50331
0.88236
0.53388
0.48714
0.74505
1.28415
2.05686
2.99576
4.01955
5.04014
5.97027
6.73091
7.25792
7.50743
7.45934
7.11882
6.51571
5.70176
4.74611
3.72937
2.73675
1.85095
1.14529
0.67766
0.48591
0.58484
0.96521
1.59466
2.42060
3.37464
4.37836
5.34976
6.20994
6.88954
7.33421
7.50892
7.40060
7.01903
6.39585
5.58184
4.64272
3.65379
2.69385
1.83891
1.15622
0.69905
0.50254
0.58116
0.92771
1.51407
2.29357
3.20480
4.17645
5.13298
6.00048
6.71235
7.21437
7.46876
7.45698
7.18091
6.66262
5.94246
5.07588
4.12907
3.17391
2.28246
1.52156
0.94783
0.60354
0.51355
0.68362
1.10011
1.73120
2.52933
3.43492
4.38082
5.29732
6.11728
6.78104
7.24071
7.46357
7.43430
7.15599
6.64969
5.95284
5.11635
4.20087
3.27233
2.39724
1.63784
1.04779
0.66837
0.52569
0.62896
0.96995
1.52377
2.25070
3.09915
4.00934
4.91752
5.76050
6.47997
7.02656
7.36311
7.46723
7.33260
6.96939
6.40332
5.67385
4.83133
3.93351
3.04153
2.21578
1.51179
0.97657
0.64547
0.53995
0.66621
1.01496
1.56210
2.27053
3.09262
3.97355
4.85492
5.67866
6.39085
6.94519
7.30601
7.45049
7.37002
7.07069
6.57272
5.90908
5.12322
4.26621
3.39336
2.56069
1.82129
1.22199
0.80040
0.58265
0.58175
0.79694
1.21385
1.80546
2.53398
3.35326
4.21174
5.05574
5.83282
6.49498
7.00165
7.32211
7.43731
7.34094
7.03969
6.55280
5.91071
5.15312
4.32654
3.48138
2.66886
1.93792
1.33231
0.88794
0.63087
0.57577
0.72517
1.06940
1.58727
2.24742
3.01026
3.83038
4.65927
5.44821
6.15109
6.72714
7.14321
7.37571
7.41180
7.25015
6.90084
6.38472
5.73214
4.98107
4.17491
3.35996
2.58270
1.88723
1.31272
0.89124
0.64604
0.59027
0.72635
1.04594
1.53043
2.15216
2.87594
3.66114
4.46399
5.23996
5.94631
6.54438
7.00171
7.29373
7.40511
7.33043
7.07446
6.65180
6.08600
5.40819
4.65540
3.86842
3.08969
2.36090
1.72084
1.20333
0.83546
0.63620
0.61548
0.77372
1.10189
1.58209
2.18852
2.88895
3.64641
4.42118
5.17290
5.86262
6.45486
6.91938
7.23273
7.37934
7.35234
7.15375
6.79436
6.29311
5.67600
4.97479
4.22528
3.46550
2.73378
2.06679
1.49774
1.05473
0.75941
0.62592
0.66030
0.86020
1.21511
1.70693
2.31092
2.99700
3.73122
4.47750
5.19937
5.86179
6.43282
6.88512
7.19727
7.35476
7.35058
7.18554
6.86816
6.41417
5.84575
5.19037
4.47946
3.74689
3.02737
2.35477
1.76053
1.27226
0.91240
0.69729
0.63640
0.73199
0.97902
1.36550
1.87305
2.47783
3.15168
3.86344
4.58038
5.26977
5.90031
6.44357
6.87525
7.17625
7.33346
7.34036
7.19720
6.91097
6.49500
5.96834
5.35485
4.68211
3.98014
3.28009
2.61283
2.00759
1.49072
1.08452
0.80632
0.66778
0.67439
0.82532
1.11349
1.52593
2.04440
2.64620
3.30518
3.99294
4.67997
5.33702
5.93625
6.45247
6.86415
7.15428
7.31112
7.32858
7.20643
6.95033
6.57147
6.08608
5.51475
4.88147
4.21267
3.53609
2.87961
2.27012
1.73242
1.28822
0.95530
0.74679
0.67068
0.72955
0.92053
1.23540
1.66103
2.17993
2.77094
3.41019
4.07200
4.72998
5.35801
5.93134
6.42753
6.82733
7.11535
7.28074
7.31748
7.22462
7.00626
6.67136
6.23337
5.70961
5.12062
4.48935
3.84020
3.19815
2.58771
2.03208
1.55220
1.16602
0.88782
0.72772
0.69132
0.77951
0.98851
1.31004
1.73165
2.23724
2.80768
3.42154
4.05592
4.68729
5.29238
5.84904
6.33701
6.73868
7.03970
7.22948
7.30153
7.25368
7.08813
6.81128
6.43355
5.96888
5.43428
4.84914
4.23455
3.61252
3.00518
2.43401
1.91909
1.47838
1.12712
0.87732
0.73736
0.71171
0.80084
1.00121
1.30544
1.70260
2.17861
2.71674
3.29823
3.90297
4.51013
5.09896
5.64944
6.14299
6.56306
6.89571
7.13002
7.25847
7.27713
7.18579
6.98792
6.69054
6.30394
5.84129
5.31825
4.75235
4.16245
3.56806
2.98876
2.44347
1.94992
1.52403
1.17940
0.92695
0.77449
0.72660
0.78441
0.94568
1.20482
1.55317
1.97924
2.46915
3.00707
3.57572
4.15697
4.73240
5.28388
5.79415
6.24733
6.62946
6.92884
7.13647
7.24622
7.25506
7.16310
6.97355
6.69263
6.32932
5.89509
5.40348
4.86974
4.31029
3.74223
3.18283
2.64899
2.15672
1.72071
1.35384
1.06686
0.86805
0.76301
0.75451
0.84246
1.02386
1.29302
1.64165
2.05919
2.53311
3.04932
3.59256
4.14688
4.69610
5.22431
5.71626
6.15789
6.53664
6.84185
7.06504
7.20012
7.24358
7.19451
7.05465
6.82833
6.52227
6.14542
5.70867
5.22453
4.70675
4.16996
3.62921
3.09960
2.59579
2.13166
1.71992
1.37172
1.09642
0.90130
0.79142
0.76946
0.83569
0.98797
1.22184
1.53065
1.90578
2.33684
2.81203
3.31842
3.84232
4.36966
4.88636
5.37872
5.83375
6.23954
6.58555
6.86289
7.06452
7.18543
7.22276
7.17586
7.04625
6.83762
6.55569
6.20803
5.80386
5.35381
4.86963
4.36386
3.84953
3.33980
2.84764
2.38548
1.96494
1.59650
1.28926
1.05073
0.88663
0.80081
0.79511
0.86938
1.02146
1.24729
1.54098
1.89503
2.30046
2.74712
3.22388
3.71895
4.22015
4.71524
5.19220
5.63953
6.04650
6.40342
6.70189
6.93495
7.09725
7.18517
7.19690
7.13243
6.99360
6.78396
6.50876
6.17474
5.78999
5.36373
4.90614
4.42802
3.94061
3.45531
2.98338
2.53571
2.12256
1.75334
1.43638
1.17877
0.98618
0.86277
0.81110
0.83207
0.92494
1.08732
1.31530
1.60346
1.94512
2.33239
2.75644
3.20764
3.67583
4.15055
4.62122
5.07745
5.50921
5.90707
6.26242
6.56763
6.81619
7.00290
7.12393
7.17688
7.16086
7.07649
6.92584
6.71241
6.44102
6.11770
5.74957
5.34465
4.91171
4.46004
3.99928
3.53922
3.08956
2.65972
2.25866
1.89467
1.57521
1.30679
1.09479
0.94341
0.85555
0.83278
0.87534
0.98210
1.15062
1.37723
1.65707
1.98425
2.35193
2.75249
3.17771
3.61891
4.06713
4.51334
4.94860
5.36425
5.75204
6.10438
6.41438
6.67607
6.88444
7.03559
7.12676
7.15638
7.12409
7.03078
6.87848
6.67039
6.41075
6.10479
5.75860
5.37901
4.97344
4.54979
4.11624
3.68110
3.25268
2.83911
2.44817
2.08720
1.76288
1.48120
1.24729
1.06536
0.93863
0.86925
0.85829
0.90574
1.01051
1.17043
1.38234
1.64216
1.94491
2.28489
2.65574
3.05058
3.46212
3.88282
4.30503
4.72110
5.12354
5.50518
5.85922
6.17944
6.46023
6.69673
6.88490
7.02158
7.10455
7.13255
7.10527
7.02342
6.88863
6.70347
6.47136
6.19652
5.88389
5.53905
5.16807
4.77747
4.37404
3.96479
3.55674
3.15687
2.77199
2.40858
2.07276
1.77010
1.50560
1.28358
1.10763
0.98052
0.90420
0.87976
0.90740
0.98648
1.11549
1.29209
1.51319
1.77498
2.07299
2.40220
2.75709
3.13177
3.52005
3.91557
4.31187
4.70255
5.08130
5.44206
5.77911
6.08712
6.36127
6.59732
6.79163
6.94129
7.04408
7.09855
7.10403
7.06061
6.96917
6.83131
6.64936
6.42634
6.16587
5.87214
5.54983
5.20402
4.84015
4.46389
4.08105
3.69753
3.31921
2.95182
2.60091
2.27177
1.96928
1.69793
1.46167
1.26395
1.10758
0.99474
0.92696
0.90509
0.92926
0.99895
1.11296
1.26944
1.46591
1.69935
1.96618
2.26238
2.58351
2.92480
3.28121
3.64752
4.01839
4.38845
4.75237
5.10495
5.44118
5.75630
6.04590
6.30596
6.53289
6.72361
6.87554
6.98669
7.05566
7.08163
7.06440
7.00437
6.90255
6.76050
6.58035
6.36474
6.11678
5.84001
5.53834
5.21602
4.87752
4.52754
4.17088
3.81243
3.45704
3.10952
2.77454
2.45655
2.15977
1.88810
1.64507
1.43383
1.25707
1.11700
1.01535
0.95332
0.93156
0.95023
1.00892
1.10672
1.24219
1.41342
1.61807
1.85333
2.11605
2.40273
2.70958
3.03259
3.36753
3.71008
4.05582
4.40035
4.73929
5.06835
5.38340
5.68052
5.95603
6.20655
6.42902
6.62078
6.77954
6.90345
6.99110
7.04153
7.05427
7.02930
6.96706
6.86847
6.73487
6.56802
6.37009
6.14360
5.89141
5.61667
5.32280
5.01340
4.69226
4.36329
4.03044
3.69772
3.36909
3.04845
2.73957
2.44607
2.17136
1.91859
1.69068
1.49019
1.31937
1.18011
1.07390
1.00187
0.96471
0.96272
0.99580
1.06343
1.16471
1.29835
1.46269
1.65575
1.87522
2.11850
2.38275
2.66490
2.96169
3.26974
3.58554
3.90552
4.22609
4.54366
4.85472
5.15584
5.44371
5.71521
5.96739
6.19757
6.40330
6.58241
6.73305
6.85368
6.94310
7.00047
7.02527
7.01737
6.97697
6.90463
6.80125
6.66804
6.50655
6.31860
6.10628
5.87195
5.61815
5.34766
5.06337
4.76832
4.46566
4.15857
3.85027
3.54399
3.24289
2.95007
2.66854
2.40115
2.15060
1.91941
1.70986
1.52402
1.36369
1.23042
1.12545
1.04973
1.00393
0.98839
1.00316
1.04796
1.12225
1.22517
1.35558
1.51209
1.69304
1.89656
2.12053
2.36270
2.62059
2.89164
3.17312
3.46227
3.75622
4.05212
4.34707
4.63824
4.92283
5.19812
5.46150
5.71049
5.94276
6.15617
6.34876
6.51876
6.66466
6.78517
6.87924
6.94610
6.98521
6.99631
6.97941
6.93476
6.86290
6.76458
6.64081
6.49284
6.32212
6.13031
5.91924
5.69092
5.44750
5.19125
4.92455
4.64985
4.36969
4.08659
3.80313
3.52185
3.24527
2.97585
2.71595
2.46786
2.23374
2.01561
1.81533
1.63462
1.47498
1.33774
1.22402
1.13472
1.07053
1.03192
1.01911
1.03214
1.07078
1.13460
1.22298
1.33504
1.46975
1.62587
1.80199
1.99653
2.20778
2.43388
2.67288
2.92270
3.18120
3.44620
3.71544
3.98666
4.25759
4.52599
4.78964
5.04638
5.29410
5.53082
5.75462
5.96372
6.15646
6.33133
6.48698
6.62222
6.73602
6.82755
6.89615
6.94136
6.96290
6.96068
6.93482
6.88561
6.81353
6.71923
6.60356
6.46749
6.31218
6.13893
5.94915
5.74440
5.52634
5.29670
5.05733
4.81011
4.55698
4.29993
4.04094
3.78202
3.52514
3.27227
3.02532
2.78615
2.55654
2.33821
2.13275
1.94167
1.76636
1.60807
1.46793
1.34690
1.24584
1.16540
1.10611
1.06834
1.05227
1.05795
1.08526
1.13390
1.20345
1.29331
1.40277
1.53094
1.67682
1.83931
2.01715
2.20901
2.41346
2.62898
2.85400
3.08686
3.32589
3.56936
3.81552
4.06262
4.30893
4.55270
4.79224
5.02587
5.25200
5.46907
5.67560
5.87019
6.05156
6.21848
6.36987
6.50474
6.62222
6.72159
6.80221
6.86363
6.90549
6.92758
6.92982
6.91228
6.87515
6.81874
6.74352
6.65006
6.53904
6.41127
6.26767
6.10925
5.93711
5.75244
5.55650
5.35063
5.13620
4.91466
4.68748
4.45615
4.22220
3.98714
3.75252
3.51983
3.29057
3.06620
2.84813
2.63774
2.43634
2.24518
2.06543
1.89819
1.74447
1.60518
1.48115
1.37311
1.28165
1.20731
1.15047
1.11142
1.09033
1.08728
1.10221
1.13496
1.18527
1.25276
1.33695
1.43726
1.55303
1.68349
1.82780
1.98503
2.15419
2.33420
2.52396
2.72228
2.92795
3.13971
3.35628
3.57636
3.79862
4.02175
4.24443
4.46535
4.68321
4.89676
5.10476
5.30602
5.49940
5.68379
5.85818
6.02158
6.17310
6.31191
6.43727
6.54850
6.64502
6.72634
6.79206
6.84185
6.87550
6.89288
6.89395
6.87877
6.84747
6.80031
6.73759
6.65973
6.56722
6.46063
6.34059
6.20782
6.06310
5.90726
5.74121
5.56589
5.38229
5.19144
4.99440
4.79227
4.58615
4.37717
4.16647
3.95518
3.74444
3.53537
3.32908
3.12666
2.92916
2.73761
2.55300
2.37627
2.20834
2.05004
1.90216
1.76545
1.64057
1.52812
1.42864
1.34259
1.27038
1.21232
1.16865
1.13955
1.12511
1.12534
1.14020
1.16955
1.21319
1.27084
1.34217
1.42675
1.52412
1.63375
1.75503
1.88732
2.02991
2.18208
2.34301
2.51190
2.68786
2.87002
3.05746
3.24923
3.44439
3.64197
3.84100
4.04051
4.23954
4.43712
4.63232
4.82419
5.01183
5.19437
5.37095
5.54074
5.70298
5.85691
6.00185
6.13714
6.26218
6.37642
6.47937
6.57059
6.64970
6.71637
6.77035
6.81142
6.83945
6.85436
6.85613
6.84480
6.82046
6.78329
6.73350
6.67135
6.59719
6.51139
6.41438
6.30664
6.18869
6.06111
5.92449
5.77949
5.62678
5.46707
5.30109
5.12960
4.95338
4.77322
4.58992
4.40431
4.21720
4.02941
3.84177
3.65509
3.47017
3.28781
3.10878
2.93384
2.76373
2.59916
2.44081
2.28933
2.14534
2.00942
1.88213
1.76395
1.65537
1.55679
1.46860
1.39113
1.32465
1.26940
1.22558
1.19332
1.17271
1.16380
1.16656
1.18096
1.20689
1.24419
1.29268
1.35211
1.42221
1.50264
1.59304
1.69302
1.80213
1.91990
2.04583
2.17938
2.31999
2.46708
2.62004
2.77823
