0.01476
0.02899
0.07320
0.11356
0.20279
0.22579
0.21938
0.18166
0.12108
0.06096
0.03391
0.04120
0.08060
0.14179
0.19859
0.22701
0.22179
0.18814
0.13466
0.07267
0.03571
0.03693
0.07359
0.12840
0.18711
0.22083
0.22446
0.19894
0.15110
0.08884
0.04452
0.03597
0.06001
0.10788
0.17029
0.21347
0.22453
0.21122
0.16823
0.11158
0.05684
0.03330
0.04517
0.08484
0.14263
0.19657
0.22472
0.22148
0.19417
0.14229
0.08369
0.04173
0.03727
0.05962
0.10750
0.16674
0.21488
0.22690
0.21385
0.17796
0.12074
0.06527
0.03685
0.04078
0.07431
0.12817
0.18333
0.21774
0.22480
0.20760
0.16438
0.10811
0.05680
0.03540
0.04417
0.08102
0.13496
0.18879
0.22095
0.22507
0.20317
0.15850
0.10090
0.05424
0.03494
0.04658
0.08270
0.13729
0.19203
0.22205
0.22415
0.20374
0.16094
0.10754
0.05779
0.03551
0.04353
0.07908
0.13004
0.18372
0.21851
0.22388
0.20943
0.17124
0.11757
0.06512
0.03891
0.04036
0.06973
0.11757
0.17101
0.21107
0.22640
0.21591
0.18593
0.13603
0.08343
0.04532
0.03704
0.05466
0.09773
0.14748
0.19615
0.22232
0.22369
0.20161
0.16060
0.11028
0.05882
0.03674
0.04150
0.07046
0.11856
0.16911
0.21160
0.22648
0.21599
0.18826
0.14530
0.09026
0.04997
0.03586
0.04875
0.08465
0.13100
0.18314
0.21946
0.22419
0.21107
0.18215
0.13153
0.08350
0.04501
0.03757
0.05459
0.08839
0.13969
0.18768
0.22194
0.22373
0.21072
0.17845
0.13206
0.08018
0.04536
0.03754
0.05150
0.08942
0.13508
0.18692
0.21778
0.22629
0.21362
0.18223
0.13493
0.08602
0.04929
0.03937
0.04635
0.08160
0.12646
0.17864
0.21282
0.22427
0.21652
0.19085
0.14942
0.10159
0.05943
0.04021
0.04459
0.06676
0.10651
0.15568
0.19745
0.22236
0.22366
0.20653
0.17326
0.12520
0.07938
0.04620
0.03819
0.05154
0.08270
0.13016
0.17742
0.21141
0.22427
0.21873
0.19669
0.15713
0.10860
0.06706
0.04215
0.04051
0.05863
0.09449
0.13985
0.18738
0.21461
0.22400
0.21461
0.19062
0.14900
0.10330
0.06058
0.04086
0.04112
0.06111
0.10048
0.14305
0.18738
0.21599
0.22457
0.21503
0.18917
0.15060
0.10532
0.06454
0.04223
0.04147
0.06073
0.09312
0.13828
0.17975
0.21255
0.22423
0.21950
0.19524
0.16048
0.11475
0.07282
0.04623
0.04005
0.05280
0.08152
0.12348
0.16655
0.20164
0.22190
0.22099
0.20645
0.17803
0.13622
0.09289
0.05741
0.03952
0.04333
0.06432
0.09766
0.14431
0.18337
0.21454
0.22366
0.21694
0.19764
0.16350
0.11944
0.08011
0.04864
0.04101
0.04749
0.07362
0.11139
0.15358
0.19142
0.21904
0.22640
0.21511
0.19314
0.15766
0.11585
0.07519
0.04795
0.04036
0.04742
0.07275
0.11028
0.15385
0.19135
0.21629
0.22396
0.21542
0.19184
0.16060
0.12196
0.07915
0.04967
0.03906
0.04696
0.06710
0.10105
0.14427
0.18185
0.21160
0.22236
0.21961
0.20123
0.17185
0.13428
0.09224
0.06145
0.04135
0.04272
0.05836
0.08774
0.12463
0.16769
0.20100
0.21961
0.22457
0.21351
0.19051
0.15732
0.11658
0.07992
0.05089
0.04086
0.04681
0.06748
0.09838
0.13668
0.17681
0.20512
0.21908
0.22137
0.20920
0.18505
0.15007
0.11238
0.07317
0.04822
0.03876
0.04925
0.07069
0.10250
0.14145
0.17704
0.20645
0.22034
0.22099
0.20885
0.18391
0.15156
0.11246
0.07797
0.05028
0.04105
0.04654
0.06489
0.09586
0.13157
0.16956
0.19981
0.21904
0.22228
0.21240
0.19249
0.16247
0.12478
0.08957
0.05764
0.04337
0.04204
0.05497
0.08049
0.11505
0.15343
0.18570
0.20897
0.22106
0.21744
0.20489
0.18166
0.14839
0.11303
0.07870
0.05199
0.04215
0.04410
0.06054
0.09075
0.12329
0.16018
0.19035
0.21328
0.22171
0.21832
0.20336
0.17891
0.14637
0.11002
0.07481
0.05119
0.04337
0.04730
0.06130
0.08827
0.12348
0.15728
0.18982
0.21133
0.21984
0.21881
0.20458
0.18356
0.15251
0.11742
0.08244
0.05756
0.04223
0.04383
0.05623
0.07790
0.11086
0.14400
0.17887
0.20451
0.21999
0.21984
0.21267
0.19592
0.16666
0.13531
0.09884
0.06966
0.04997
0.04337
0.04856
0.06313
0.09090
0.12234
0.15739
0.18539
0.21030
0.21980
0.21973
0.21057
0.19062
0.16285
0.12920
0.09754
0.06618
0.04807
0.04013
0.04852
0.06577
0.09148
0.12089
0.15617
0.18604
0.20992
0.21923
0.21866
0.21072
0.19260
0.16632
0.13611
0.10170
0.07301
0.04906
0.04425
0.04677
0.05936
0.08251
0.11326
0.14648
0.17620
0.20123
0.21881
0.22060
0.21568
0.20176
0.17960
0.15057
0.11986
0.08720
0.06310
0.04585
0.04433
0.05062
0.06569
0.09010
0.12329
0.15419
0.18383
0.20771
0.21782
0.21873
0.21221
0.19829
0.17578
0.14687
0.11337
0.08636
0.05989
0.04848
0.04322
0.05001
0.06699
0.09518
0.12062
0.15335
0.18169
0.20306
0.21591
0.21870
0.21473
0.20195
0.17868
0.15499
0.12157
0.09277
0.06809
0.05135
0.04414
0.04749
0.06134
0.08057
0.10853
0.13988
0.16998
0.19436
0.21130
0.21858
0.21717
0.20988
0.19188
0.17097
0.14290
0.11196
0.08308
0.06069
0.04772
0.04505
0.05024
0.06413
0.08545
0.11238
0.14278
0.17181
0.19718
0.21297
0.21927
0.21820
0.20828
0.19344
0.17052
0.14488
0.11356
0.08820
0.06245
0.04944
0.04673
0.04780
0.06344
0.08148
0.10838
0.13515
0.16453
0.18890
0.20836
0.21568
0.21900
0.21191
0.20023
0.18215
0.15522
0.12871
0.09933
0.07507
0.05482
0.04566
0.04494
0.05337
0.06809
0.09136
0.11559
0.14385
0.17277
0.19485
0.21038
0.21812
0.21896
0.21023
0.19753
0.17960
0.15335
0.12505
0.09850
0.07259
0.05600
0.04681
0.04807
0.05527
0.06760
0.08770
0.11337
0.14122
0.16865
0.19272
0.20927
0.21637
0.21835
0.21255
0.20229
0.18520
0.16224
0.13794
0.10983
0.08308
0.06382
0.04879
0.04578
0.04810
0.05924
0.07690
0.09754
0.12547
0.15087
0.17471
0.19455
0.21027
0.21854
0.21679
0.21122
0.19806
0.18097
0.15678
0.13416
0.10551
0.08015
0.06283
0.05066
0.04684
0.04971
0.05898
0.07538
0.09556
0.11929
0.14740
0.17284
0.19306
0.20794
0.21633
0.21839
0.21210
0.20168
0.18661
0.16701
0.14294
0.11559
0.09216
0.06950
0.05451
0.04742
0.04742
0.05302
0.06393
0.08244
0.10483
0.12848
0.15427
0.17719
0.19791
0.21233
0.21854
0.21622
0.21217
0.20157
0.18501
0.16636
0.14366
0.11837
0.09453
0.07153
0.05680
0.04910
0.04662
0.05264
0.06348
0.08080
0.09979
0.12459
0.14774
0.17490
0.19272
0.20844
0.21408
0.21637
0.21423
0.20519
0.19520
0.17628
0.15301
0.12829
0.10555
0.08293
0.06405
0.05257
0.04482
0.05032
0.05859
0.06836
0.08720
0.10513
0.13081
0.15469
0.17632
0.19524
0.20721
0.21721
0.21622
0.21358
0.20565
0.19115
0.17429
0.15438
0.13107
0.10948
0.08675
0.06721
0.05424
0.04845
0.04715
0.05428
0.06348
0.07820
0.09987
0.11921
0.14622
0.16823
0.18608
0.20401
0.21210
0.21896
0.21637
0.20981
0.20096
0.18578
0.16865
0.14648
0.12508
0.10342
0.08362
0.06363
0.05512
0.04910
0.04906
0.05451
0.06527
0.07893
0.09991
0.11963
0.14359
0.16418
0.18463
0.20058
0.21152
0.21507
0.21629
0.21301
0.20313
0.18986
0.17437
0.15617
0.13367
0.11303
0.09007
0.07301
0.05844
0.04997
0.04677
0.05173
0.05909
0.07099
0.08781
0.10475
0.12653
0.14809
0.17017
0.18841
0.20191
0.21317
0.21458
0.21744
0.21057
0.20348
0.19012
0.17410
0.15652
0.13454
0.11497
0.09560
0.07645
0.06283
0.05196
0.04784
0.05024
0.05585
0.06382
0.07961
0.09773
0.11593
0.13794
0.15900
0.17910
0.19482
0.20603
0.21385
0.21618
0.21244
0.20908
0.20004
0.18707
0.17315
0.15411
0.13290
0.11246
0.09315
0.07626
0.05989
0.05245
0.04894
0.05054
0.05501
0.06607
0.07874
0.09270
0.11269
0.13168
0.15408
0.17132
0.18917
0.20180
0.21084
0.21305
0.21538
0.21324
0.20592
0.19451
0.17956
0.16277
0.14629
0.12558
0.10548
0.08808
0.07256
0.05928
0.05184
0.04837
0.05077
0.05745
0.06535
0.08072
0.09407
0.11292
0.13119
0.15179
0.17078
0.18612
0.20012
0.20748
0.21400
0.21500
0.21248
0.20687
0.19699
0.18620
0.16907
0.15461
0.13412
0.11662
0.09800
0.08144
0.06424
0.05524
0.05043
0.05009
0.05367
0.05817
0.07076
0.08171
0.09766
0.11230
0.13195
0.15385
0.16766
0.18551
0.19890
0.20874
0.21221
0.21580
0.21389
0.20531
0.19936
0.19016
0.17502
0.15995
0.14328
0.12424
0.10601
0.08827
0.07317
0.06256
0.05280
0.05001
0.05016
0.05478
0.06454
0.07061
0.08537
0.09754
0.11738
0.13767
0.15522
0.17254
0.18627
0.19730
0.20721
0.21271
0.21488
0.21214
0.20954
0.20210
0.19123
0.18013
0.16369
0.14919
0.13157
0.11311
0.09644
0.08106
0.06760
0.05756
0.05219
0.05276
0.05287
0.05890
0.06699
0.07629
0.09094
0.10506
0.12283
0.13958
0.15701
0.17200
0.18661
0.19897
0.20687
0.21156
0.21328
0.21427
0.20851
0.20214
0.19238
0.18116
0.16727
0.15320
0.13561
0.12012
0.10338
0.08652
0.07431
0.06119
0.05455
0.05035
0.05306
0.05535
0.06252
0.07057
0.08163
0.09388
0.10742
0.12314
0.13943
0.15614
0.17090
0.18539
0.19852
0.20645
0.21122
0.21271
0.21294
0.20893
0.20535
0.19722
0.18536
0.17349
0.15831
0.14481
0.12768
0.11284
0.09594
0.08301
0.06645
0.05997
0.05413
0.05100
0.05295
0.05470
0.06069
0.07053
0.08038
0.09212
0.10735
0.12234
0.14156
0.15621
0.17223
0.18345
0.19386
0.20477
0.20931
0.21301
0.21130
0.21069
0.20630
0.20168
0.19173
0.17982
0.16701
0.15404
0.13821
0.12207
0.10658
0.09335
0.08007
0.06905
0.05959
0.05627
0.05226
0.05348
0.05642
0.06268
0.06996
0.07816
0.09243
0.10529
0.12108
0.13397
0.14824
0.16560
0.17815
0.18936
0.19848
0.20668
0.21053
0.21263
0.21202
0.20859
0.20428
0.19733
0.19032
0.17735
0.16556
0.15289
0.13786
0.12310
0.10818
0.09308
0.07988
0.06931
0.06142
0.05730
0.05222
0.05314
0.05665
0.06130
0.06824
0.07553
0.08625
0.09922
0.11425
0.12695
0.13973
0.15488
0.16754
0.18101
0.19196
0.19955
0.20779
0.21126
0.21233
0.20962
0.20851
0.20245
0.19680
0.18837
0.18047
0.16804
0.15537
0.13988
0.12699
0.11326
0.09872
0.08640
0.07355
0.06516
0.05905
0.05451
0.05322
0.05333
0.05646
0.06222
0.06855
0.07725
0.08667
0.09922
0.11124
0.12615
0.14042
0.15305
0.16838
0.18097
0.18867
0.19890
0.20622
0.20996
0.21370
0.21175
0.20763
0.20824
0.20130
0.19138
0.18555
0.17658
0.16563
0.15133
0.14030
0.12470
0.11024
0.09827
0.08766
0.07648
0.06714
0.06046
0.05672
0.05352
0.05451
0.05505
0.06264
0.06710
0.07469
0.08469
0.09323
0.10521
0.11997
0.13027
0.14557
0.15820
0.16998
0.18295
0.19199
0.19863
0.20416
0.20916
0.21210
0.21015
0.20855
0.20630
0.20042
0.19516
0.18753
0.17853
0.16884
0.15526
0.14393
0.13172
0.11715
0.10414
0.09327
0.08152
0.07179
0.06554
0.05997
0.05527
0.05322
0.05501
0.05638
0.06100
0.06790
0.07648
0.08320
0.09235
0.10349
0.11684
0.12604
0.14145
0.15450
0.16567
0.17658
0.18715
0.19600
0.20115
0.20531
0.21000
0.21019
0.21126
0.20798
0.20462
0.19981
0.19539
0.18639
0.17681
0.16705
0.15709
0.14412
0.13515
0.12123
0.10891
0.09785
0.08778
0.07786
0.06859
0.06260
0.05772
0.05478
0.05486
0.05749
0.06046
0.06348
0.06859
0.07687
0.08484
0.09354
0.10307
0.11414
0.12779
0.13874
0.14938
0.16273
0.17365
0.18429
0.18986
0.19691
0.20390
0.20836
0.21172
0.21072
0.20996
0.20760
0.20370
0.19943
0.19367
0.18562
0.17872
0.16888
0.15770
0.14740
0.13657
0.12375
0.11391
0.09941
0.09022
0.08087
0.07221
0.06645
0.06016
0.05650
0.05600
0.05638
0.05791
0.06157
0.06535
0.06977
0.07675
0.08434
0.09296
0.10525
0.11353
0.12466
0.13706
0.14694
0.15728
0.16964
0.17780
0.18581
0.19600
0.19878
0.20298
0.20702
0.20863
0.20725
0.20779
0.20493
0.20275
0.19924
0.19192
0.18681
0.17887
0.16983
0.16006
0.15087
0.13931
0.12783
0.11864
0.10612
0.09548
0.08736
0.07820
0.07046
0.06474
0.05955
0.05718
0.05669
0.05684
0.05722
0.06203
0.06447
0.07088
0.07568
0.08423
0.09171
0.10063
0.10960
0.12035
0.13058
0.14286
0.15133
0.16308
0.17220
0.18055
0.18791
0.19566
0.20008
0.20451
0.20657
0.21069
0.20908
0.20828
0.20718
0.20313
0.19787
0.19218
0.18887
0.18139
0.17315
0.16262
0.15778
0.14511
0.13504
0.12562
0.11738
0.10471
0.09396
0.08854
0.07931
0.07053
0.06634
0.05993
0.05745
0.05661
0.05589
0.05779
0.05932
0.06336
0.06935
0.07294
0.07996
0.08537
0.09312
0.10193
0.11154
0.12100
0.12981
0.13943
0.15137
0.16167
0.17033
0.17750
0.18635
0.19222
0.19787
0.20153
0.20454
0.20832
0.21034
0.20836
0.20695
0.20496
0.20050
0.19867
0.19341
0.18814
0.18078
0.17532
0.16682
0.15862
0.14893
0.13859
0.12901
0.11986
0.10845
0.10056
0.09174
0.08438
0.07694
0.07034
0.06577
0.06180
0.05909
0.05817
0.05756
0.05905
0.06042
0.06306
0.06630
0.07191
0.07626
0.08339
0.08995
0.09701
0.10735
0.11520
0.12295
0.13393
0.14259
0.15148
0.15984
0.17105
0.17704
0.18429
0.18959
0.19531
0.20096
0.20473
0.20702
0.20649
0.20786
0.20756
0.20653
0.20443
0.20027
0.19642
0.19043
0.18772
0.18112
0.17467
0.16609
0.15816
0.15102
0.14275
0.13237
0.12413
0.11429
0.10521
0.09922
0.09029
0.08167
0.07626
0.07099
0.06531
0.06382
0.05882
0.05665
0.05722
0.06092
0.05928
0.06458
0.06538
0.07042
0.07401
0.08018
0.08625
0.09262
0.10033
0.10937
0.11589
0.12547
0.13309
0.14332
0.15076
0.15900
0.16598
0.17387
0.18181
0.18787
0.19295
0.19512
0.20153
0.20313
0.20504
0.20569
0.20527
0.20527
0.20397
0.20210
0.19951
0.19531
0.19123
0.18677
0.18223
0.17799
0.16979
0.16506
0.15362
0.14812
0.13863
0.12833
0.12402
0.11375
0.10578
0.09838
0.09151
0.08358
0.07748
0.07286
0.06836
0.06454
0.06241
0.05856
0.06054
0.05924
0.06020
0.06138
0.06428
0.06695
0.07229
0.07450
0.08045
0.08560
0.09132
0.09876
0.10597
0.11257
0.12150
0.13004
0.13699
0.14519
0.15358
0.15976
0.16716
0.17529
0.18108
0.18700
0.19218
0.19737
0.20039
0.20294
0.20443
0.20550
0.20824
0.20481
0.20424
0.20275
0.20164
0.20058
0.19611
0.19279
0.18791
0.18169
0.17765
0.16991
0.16384
0.15869
0.15152
0.14286
0.13500
0.12753
0.12016
0.11093
0.10475
0.09747
0.09087
0.08453
0.07786
0.07259
0.06886
0.06584
0.06329
0.06008
0.06096
0.05810
0.05997
0.05985
0.06050
0.06660
0.06802
0.07195
0.07736
0.08221
0.08614
0.09258
0.09880
0.10429
0.11196
0.11826
0.12554
0.13313
0.13966
0.14721
0.15457
0.16041
0.16850
0.17612
0.18124
0.18505
0.19119
0.19333
0.19783
0.20256
0.20344
0.20443
0.20737
0.20466
0.20481
0.20390
0.20267
0.20000
0.19867
0.19688
0.18944
0.18887
0.18345
0.17841
0.17372
0.16724
0.16247
0.15667
0.14915
0.14259
0.13531
0.12810
0.11826
0.11204
0.10761
0.09949
0.09144
0.08827
0.08167
0.07729
0.07332
0.06981
0.06409
0.06393
0.06237
0.06046
0.05936
0.06069
0.06283
0.06382
0.06432
0.06798
0.07156
0.07351
0.07740
0.08251
0.08698
0.09331
0.09651
0.10597
0.11211
0.11600
0.12501
0.13084
0.13706
0.14359
0.15068
0.15686
0.16270
0.16945
0.17563
0.18024
0.18650
0.19035
0.19581
0.19711
0.19993
0.20260
0.20321
0.20519
0.20462
0.20412
0.20580
0.20267
0.20332
0.19890
0.19855
0.19318
0.19138
0.18700
0.18211
0.18082
0.17384
0.16937
0.16354
0.15995
0.15301
0.14763
0.14202
0.13550
0.12657
0.12093
0.11528
0.10818
0.10460
0.09636
0.09018
0.08511
0.08087
0.07637
0.07027
0.06817
0.06592
0.06504
0.06367
0.06226
0.05993
0.06088
0.06237
0.06351
0.06413
0.06798
0.06882
0.07275
0.07523
0.08148
0.08343
0.08781
0.09258
0.09735
0.10227
0.10891
0.11337
0.12062
0.12779
0.13275
0.13744
0.14359
0.15053
0.15556
0.16186
0.16685
0.17227
0.17857
0.18288
0.18715
0.19115
0.19432
0.19608
0.19894
0.20176
0.20214
0.20329
0.20447
0.20538
0.20317
0.20348
0.20058
0.19962
0.19760
0.19718
0.19360
0.19005
0.18742
0.18406
0.17960
0.17544
0.17147
0.16602
0.16094
0.15747
0.15068
0.14568
0.13840
0.13226
0.12642
0.12077
0.11776
0.11166
0.10422
0.09872
0.09430
0.09056
0.08595
0.08179
0.07561
0.07256
0.07095
0.06886
0.06638
0.06493
0.06283
0.06226
0.06313
0.06096
0.06310
0.06439
0.06565
0.06847
0.07015
0.07130
0.07500
0.07885
0.08461
0.08709
0.08759
0.09411
0.09937
0.10574
0.11120
0.11452
0.11898
0.12455
0.13031
0.13573
0.14080
0.14790
0.15026
0.15804
0.16380
0.16884
0.17380
0.17670
0.18166
0.18581
0.18902
0.19104
0.19493
0.19753
0.19947
0.20050
0.20149
0.20317
0.20378
0.20241
0.20393
0.20119
0.20226
0.20065
0.19882
0.19611
0.19592
0.19337
0.18848
0.18703
0.18387
0.17982
0.17838
0.17311
0.16846
0.16323
0.15991
0.15598
0.14957
0.14332
0.13905
0.13508
0.12981
0.12131
0.11848
0.11318
0.10883
0.10345
0.09964
0.09281
0.09029
0.08480
0.08095
0.07877
0.07324
0.07275
0.07004
0.06756
0.06584
0.06630
0.06374
0.06393
0.06390
0.06367
0.06359
0.06737
0.06725
0.06817
0.06878
0.07046
0.07511
0.07839
0.07824
0.08419
0.08656
0.09041
0.09331
0.09617
0.10265
0.10693
0.11059
0.11463
0.12199
0.12524
0.13145
0.13371
0.13962
0.14812
0.14858
0.15469
0.15896
0.16468
0.16701
0.17490
0.17754
0.18238
0.18459
0.18776
0.19047
0.19161
0.19573
0.19886
0.19695
0.20084
0.20103
0.20058
0.20332
0.20172
0.20298
0.20191
0.20359
0.20115
0.19825
0.19821
0.19558
0.19234
0.19032
0.18936
0.18749
0.18387
0.17918
0.17738
0.17521
0.17097
0.16617
0.16174
0.15934
0.15362
0.15011
0.14648
0.14164
0.13653
0.13237
0.12730
0.12268
0.11921
0.11299
0.10838
0.10323
0.09880
0.09666
0.09075
0.08804
0.08507
0.08072
0.07813
0.07477
0.07359
0.07179
0.06821
0.06809
0.06504
0.06508
0.06363
0.06214
0.06405
0.06485
0.06489
0.06676
0.06855
0.06977
0.07050
0.07202
0.07416
0.07595
0.07935
0.07996
0.08289
0.08793
0.08976
0.09335
0.09640
