0.264611182264581
0.519752060158101
1.31262416598224
2.03670880621115
3.63843212489795
4.05149004784798
3.93636450708681
3.25902856444682
2.17164985941097
1.09307952565401
0.607973768772035
0.738699278860035
1.44536644382759
2.54332052963281
3.56301285024604
4.07340232576618
3.97964810301805
3.37537416090317
2.41535508617485
1.30311726809159
0.640250922101171
0.662127939129911
1.31961983508456
2.30301031243017
3.35688052945703
3.96240639868925
4.02760233089501
3.56929768726466
2.71042309033943
1.59318655559090
0.798236754013695
0.644913218252291
1.07604065656135
1.93479094369430
3.05490057316260
3.83022465952440
4.02885957244214
3.78981748544926
3.01791906619203
2.00118054378699
1.01918563277849
0.597035511773122
0.809893383370866
1.52142793113180
2.55839691139268
3.52674072658946
4.03227208897312
3.97408045399160
3.48364594128624
2.55229455346829
1.50079777660802
0.748203643021304
0.668224853004209
1.06904579210322
1.92797267017192
2.99117070862923
3.85554688136384
4.07142661928271
3.83704905831704
3.19259953072728
2.16554861558833
1.17038390643683
0.660693373710929
0.731167548881280
1.33253497722037
2.29888274253366
3.28901208081625
3.90691061539274
4.03370893968292
3.72480844920423
2.94880487364450
1.93891780412123
1.01846822898191
0.634692043953995
0.791960134016836
1.45290071453671
2.42073917064214
3.38704498227552
3.96456160405809
4.03855831802159
3.64525590599207
2.84325300376491
1.80955352603295
0.972554891551030
0.626443412954057
0.835179523024479
1.48303806542578
2.46255602591488
3.44522049696120
3.98431775541715
4.02203455586710
3.65549161883940
2.88705280118384
1.92869038214062
1.03622404438300
0.636664547432438
0.780482934139778
1.41809978339876
2.33244191353966
3.29601428048958
3.92073952575006
4.01718521534329
3.75767188398455
3.07195536912519
2.10866433516297
1.16769345135295
0.697633742978581
0.723635845693936
1.25038166613761
2.10866433516297
3.06782630066420
3.78712370124195
4.06244615848330
3.87404486589572
3.33569384911610
2.43994251669533
1.49613359561383
0.812583383874196
0.664100468168067
0.980087480206440
1.75267880599933
2.64544716639298
3.51919907588581
3.98916702072358
4.01377272310874
3.61724262894567
2.88094949642089
1.97785423093968
1.05469742450059
0.658720847846882
0.744079102390702
1.26347575766826
2.12642929338568
3.03371691251560
3.79664175410181
4.06388302965361
3.87548160931680
3.37752876924079
2.60631898030906
1.61866145208429
0.895975094574346
0.642940707089281
0.874095661273711
1.51801945696015
2.34967035760689
3.28560076115397
3.93780129276433
4.02275297762929
3.78712370124195
3.26782607915481
2.35918195447367
1.49738933564019
0.807024053267450
0.673604497473003
0.978832046903033
1.58511358895429
2.50563004468248
3.36711484924086
3.98234213199241
4.01449114206984
3.78083821807640
3.20139676959133
2.36869359405242
1.43783219992343
0.813300717918923
0.673066532411040
0.923414375561395
1.60359175798311
2.42289280826098
3.35346910051517
3.90762899812394
4.06047046221500
3.83291849852740
3.26926241155579
2.42020076157957
1.54259647250432
0.883779972715531
0.705882651326720
0.831054812966113
1.46330522767862
2.26819540985043
3.20480795367326
3.81855139675319
4.02418982188438
3.88500005908747
3.42403293321080
2.68026827005694
1.82193339936445
1.06563804599415
0.720945958191245
0.799492080245788
1.19710927922760
1.91020937644725
2.79263305452848
3.54254236749169
3.98988543134243
4.01323390904775
3.70559345298708
3.10821970741536
2.24558397552164
1.42348133330742
0.828364788996032
0.684722472689288
0.924131747154198
1.48303806542578
2.33459546138465
3.18290465673930
3.79322961702817
4.02418982188438
3.92469065957197
3.52889548886397
2.81866089153432
1.94770983793209
1.20249026756207
0.755735433600208
0.726325736613880
1.05128970148247
1.69454975560190
2.50850167707724
3.36172835898155
3.85069792184118
4.01934047642822
3.85069792184118
3.41990317850997
2.67272963205774
1.85261426690953
1.08626396156435
0.732602162049773
0.737264661560429
1.09576988593865
1.80201798639163
2.56593514251171
3.36172835898155
3.87548160931680
4.02957799651828
3.85824075256010
3.39386795377949
2.70144839657916
1.88885773570215
1.15729039052458
0.757170063414766
0.743541119422521
1.08895431318970
1.66997097657906
2.48032395252114
3.22473655992505
3.81370252189135
4.02347139963504
3.93851968596843
3.50285892478547
2.87879539305575
2.05806193752958
1.30580789523977
0.828902793516647
0.718076748621607
0.946729076733837
1.46187011937852
2.21471796275640
2.98775986852083
3.61778134231918
3.98162372393101
3.96528000633483
3.70415682475708
3.19385627689992
2.44335247485054
1.66584464018198
1.02940866328926
0.708572519692911
0.776896321936483
1.15334441530389
1.75142291459080
2.58854999682686
3.28973025407664
3.84944078599851
4.01323390904775
3.89254301191478
3.54595410088297
2.93300766051024
2.14222049245077
1.43657649521210
0.872122936595417
0.735292064360610
0.851499106823550
1.32015796443428
1.99777129741784
2.75493813340471
3.43426757738127
3.93025817882611
4.06244615848330
3.85967748526515
3.46515136473820
2.82817459452415
2.07780031761434
1.34832025791019
0.859748614626920
0.723635845693936
0.850243749758024
1.30455226881185
1.97785423093968
2.75978458568764
3.43301068859211
3.88086940582227
4.01862205582301
3.86524483369867
3.44180892577454
2.88094949642089
2.18744139562268
1.41935547715423
0.890594885096217
0.700323600865347
0.841994278985833
1.20320773370645
1.81224479668833
2.58783206123314
3.26243984132381
3.79664175410181
3.98988543134243
3.94049526853555
3.61041893807016
3.08290641575855
2.40853526549577
1.65418329817798
1.10186804857195
0.741389188916720
0.765957192239226
1.04644715715369
1.57345269147531
2.23535507262289
3.00822499154554
3.60628882005840
3.94049526853555
4.02957799651828
3.83094301625700
3.41792808128121
2.82207145939130
2.09089952594193
1.43316815760605
0.912474488885140
0.732602162049773
0.839304241117822
1.21002367420207
1.76434069035828
2.45160818574922
3.17195309319099
3.68027302314174
3.93097656947285
3.97210484011159
3.75354147893026
3.31989375084687
2.69193526270647
2.01553532553957
1.31208603854699
0.864590732002248
0.694943888509007
0.883062614793485
1.26760131012970
1.83826058933901
2.53721821514083
3.17608236460158
3.70415682475708
3.95360599951673
3.96528000633483
3.74725609538330
3.29942561691928
2.71867984218074
2.01697080906581
1.39818816764687
0.901534658730226
0.736009372220640
0.834462181567582
1.16356809353016
1.71912881988055
2.35989981257439
3.04179540218215
3.58492007718961
3.93025817882611
3.98844861034830
3.81100870731830
3.45348011311007
2.91451789022032
2.23804688438590
1.60628276692228
1.03353375975184
0.777613643891114
0.753762819192352
0.985647265211631
1.44339318688090
2.06344511385545
2.75224566470524
3.33156426660371
3.74941108192756
3.96653721090520
3.90152275267201
3.67614276896353
3.25902856444682
2.66178070559912
2.02719865735149
1.41128317314673
0.932202194320183
0.755735433600208
0.790704812250180
1.08554653504155
1.62745215649738
2.21130837265477
2.87341014422580
3.41505521587166
3.82681246837039
3.97821128896557
3.91732718883292
3.64866780478035
3.20965543523792
2.62552400885246
1.97318899919858
1.34150387226851
0.917854753957707
0.777613643891114
0.848091710805829
1.09917768053948
1.58296080304859
2.21471796275640
2.82135344464931
3.40553887702634
3.79179292937786
3.94462603803696
3.92612743733388
3.67057591737516
3.29314158038806
2.73573193154339
2.10597268782455
1.47837392354619
1.03209894267948
0.757170063414766
0.785862863836031
1.00824525129014
1.39693248644260
1.98826132339254
2.58298600234001
3.20893728912106
3.66931888839554
3.94732002248498
3.94462603803696
3.81585757601561
3.51506913568539
2.98973456475636
2.42702061981755
1.77259375501531
1.24912607257379
0.895975094574346
0.777613643891114
0.870688228892871
1.13200040406643
1.63014319575537
2.19426050447496
2.82332798577539
3.32599832030095
3.77329566288962
3.94390764276261
3.94265045161856
3.77814444528465
3.41990317850997
2.92133934008481
2.31736713993153
1.74926995962313
1.18670607388650
0.861900665426697
0.719511352920418
0.869970875406142
1.17935211473777
1.64054857972620
2.16824033863772
2.80142863263884
3.33766886968479
3.76647146942742
3.93367053656732
3.92343347982947
3.78083821807640
3.45545524348146
2.98363096415815
2.44137828788108
1.82390700904715
1.30921602786847
0.879655167982673
0.793394788375754
0.838586898263536
1.06438256196797
1.47962965304170
2.03132569783840
2.62749836745134
3.16100158625453
3.61041893807016
3.92612743733388
3.95827559452610
3.86991423398664
3.61993619718290
3.22204349407162
2.70090991616267
2.14975724259974
1.56376522547441
1.13146232252971
0.822088079689469
0.794829443706739
0.907632262008402
1.17791719885725
1.61579102589289
2.21130837265477
2.76588754137195
3.29798926406887
3.72678383252493
3.90834738109869
3.92469065957197
3.80759654710883
3.55762586192514
3.15346123733742
2.63449838094821
2.03329950265314
1.54869592199820
1.07388838811320
0.869253522162444
0.774923687814287
0.896692456870992
1.20123470239433
1.70692895669999
2.16339523961175
2.75080968279814
3.25956718674644
3.64328059867845
3.87404486589572
3.92415186816242
3.85285301359243
3.62334805519912
3.20552609839038
2.78024750645646
2.18044285936558
1.66369177220985
1.22096509824148
0.920724234252950
0.791422138882852
0.851499106823550
1.09989511168059
1.44482828265978
1.94645383086743
2.50904010858466
3.04933535366461
3.48705757983989
3.79125417176014
3.92199670389423
3.89667368793669
3.76575313455203
3.44252715083101
3.06710820262292
2.56324291403252
2.00799905298857
1.48985490665118
1.08823688575539
0.855623856707688
0.807741385428775
0.900817294793096
1.14993653353074
1.53237096423578
2.01553532553957
2.56108913371280
3.08218831260567
3.53769412422824
3.82124522091553
3.93438892837096
3.91517203150606
3.73701993922883
3.47053811794351
3.05902961643089
2.59878060547631
2.03670880621115
1.58170501228088
1.11980392280860
0.886470067087709
0.837869555652274
0.857058554203023
1.13756058795223
1.46115256559317
1.94376238966560
2.42414909788318
2.95149759217979
3.38902005071438
3.73845658974102
3.86991423398664
3.92953978842293
3.80220893691289
3.59246196182877
3.26782607915481
2.78437601443438
2.30857357153886
1.78138509839541
1.34616771270563
0.982957044837862
0.818680731000651
0.805768722569895
0.956951757434568
1.22096509824148
1.63839573746873
2.07313486572069
2.58029375218985
3.09942285545652
3.49585604146232
3.77473233799804
3.91373526117259
3.92882139826330
3.77203857296883
3.54397888614474
3.22204349407162
2.75080968279814
2.24289215418004
1.76649366064647
1.30168226834375
1.00412020409188
0.839304241117822
0.861900665426697
0.991027716212840
1.21217608102174
1.57273509988148
2.03329950265314
2.53309018883525
3.02545893269657
3.45760993325932
3.75479855787704
3.88230615387077
3.91786597850714
3.81370252189135
3.62945349904575
3.32258694108483
2.91038912860471
2.47422181950962
1.96977979788631
1.48985490665118
1.14437631714864
0.874813016157864
0.820832740060921
0.862438678468400
1.06223030536921
1.37899426481768
1.74926995962313
2.25042926255730
2.70629472648727
3.13425142208816
3.49046922388709
3.77275690997510
3.92127831629194
3.88984909710831
3.78981748544926
3.55349584682134
3.24664028934961
2.81237828090839
2.40638164247468
1.89226680675886
1.43729404067026
1.12661959485200
0.908349628254373
0.839842248418021
0.891312245570108
1.05756709024311
1.35172845895885
1.71374651863778
2.13952880246830
2.64401125688095
3.10067954635713
3.46371489952982
3.73091418541927
3.88158777972474
3.91858436495254
3.80562108844640
3.61849962703025
3.34790309666565
2.99601770138793
2.56396084129240
2.07313486572069
1.65274806052295
1.24625614722349
0.977397266896285
0.850243749758024
0.850243749758024
0.950674666945524
1.14634929548404
1.47837392354619
1.88006594619540
2.30444599080131
2.76732353349997
3.17877537203149
3.55080236304737
3.80975159502290
3.92127831629194
3.87961225207897
3.80687819829122
3.61652434466073
3.31917556736162
2.98434903390403
2.57688357357842
2.12301984540496
1.69526738847238
1.28266861348669
1.01846822898191
0.880372524750317
0.835896864724399
0.943859561197703
1.13827803209773
1.44895418844128
1.78963822947264
2.23463725673051
2.65011387902922
3.13766249805852
3.45760993325932
3.73989324122731
3.84117962615876
3.88230615387077
3.84387347908927
3.68153005862013
3.50214067927683
3.16243784623393
2.74470677055264
2.30103625625876
1.89298450662792
1.48716404565142
1.14850163758283
0.942604149373453
0.803616728819883
0.902252022910392
1.05057228680904
1.22580804168540
1.56376522547441
1.88544867013275
2.34626055026263
2.77486250814237
3.16315597658877
3.50285892478547
3.71780483227045
3.89739206719726
3.87961225207897
3.83220014112507
3.68979059603086
3.42941958187451
3.12671116837932
2.76929802426542
2.35092660380161
1.96349970457093
1.55569237099129
1.20518076685692
0.972554891551030
0.868715507389158
0.845401665191384
0.973272279792305
1.13827803209773
1.40231398256032
1.79107355989954
2.13809323587634
2.62283170463777
3.01791906619203
3.33838705943897
3.66034013165740
3.80562108844640
3.92882139826330
3.88230615387077
3.76449604910610
3.60557053948686
3.33300064221680
3.02545893269657
2.62749836745134
2.24343051817468
1.85476732693545
1.49954203456058
1.14096844980823
0.988337489003288
0.880372524750317
0.879655167982673
0.977397266896285
1.17038390643683
1.41540901357284
1.79179122547777
2.14562997133914
2.57562719336864
2.94521458758822
3.31235283639381
3.59874688620191
3.79520506413793
3.85895911879085
3.88086940582227
3.82196357460389
3.64453761221041
3.40625708978758
3.12814740511194
2.80142863263884
2.39758770453045
2.02719865735149
1.61525282141513
1.30921602786847
1.04788198394842
0.895975094574346
0.838586898263536
0.927539265539019
1.05953998769701
1.27298247759314
1.57470847734960
1.87863055545587
2.26945160772410
2.65639600842850
3.05274629291298
3.38022203274413
3.62262976884440
3.82483699179272
3.85015914924585
3.90152275267201
3.77814444528465
3.65082269105636
3.41092547867015
3.12330011004164
2.80771121079088
2.41320145621985
2.06200959883076
1.71446415801316
1.37092211465976
1.12661959485200
0.931664163552146
0.857775903315233
0.900817294793096
1.00142996024848
1.14437631714864
1.42760719749895
1.75267880599933
2.07923584334145
2.47422181950962
2.85222829831607
3.21306663261736
3.49531735908849
3.69661454253041
3.83704905831704
3.87889387884626
3.81172705753625
3.75138648818517
3.58905015354769
3.35616233343384
3.10624490073479
2.76445155021736
2.38376873295281
2.01697080906581
1.67050919496271
1.36751388272040
1.07388838811320
0.940452016549273
0.877503099137930
0.906197530245568
0.986364657888546
1.18473305794955
1.41200071003473
1.66243593357011
2.02109782962316
2.36187392360580
2.76391305378534
3.07339156873717
3.39386795377949
3.62065448262448
3.78299323877555
3.82268192853579
3.86452646533689
3.82609411303814
3.69463918733619
3.48975098257852
3.22132534375553
2.91990324355112
2.62408811284546
2.25240327156432
1.89172853201668
1.57955222984011
1.30114414368901
1.06294772399240
0.929512041847105
0.867280801995395
0.910322386683952
1.03012607079245
1.17181881721262
1.44751908986642
1.68701462514324
2.02522485822224
2.35308017044026
2.72280823016994
3.06369724025090
3.33910524943661
3.59048670373326
3.72265348768203
3.83974290599618
3.85770197804686
3.81244540799774
3.71169913383162
3.53428240413761
3.34054163016226
3.03299882603609
2.77342651090385
2.40566376862091
2.09161729312297
1.75752296555139
1.46043501205096
1.15190951704673
0.990489670497498
0.904224775659001
0.898127182193387
0.962332135521436
1.04303944741276
1.26885691464808
1.46527850317920
1.75142291459080
2.01409984298624
2.36671947666512
2.75978458568764
3.00768643314362
3.32815287842547
3.56857941923327
3.74528069297644
3.80759654710883
3.87206934528240
3.83776741736328
3.68368497831811
3.57683951629521
3.41164369325739
3.13981686465904
2.86928146272724
2.57006323282553
2.22835637804893
1.90123807260247
1.58296080304859
1.31208603854699
1.12177687824935
0.946729076733837
0.896692456870992
0.899382567647939
0.982239653315433
1.15729039052458
1.26616633444888
1.53093580913164
1.74926995962313
2.10525491577867
2.46937602052314
2.78437601443438
3.09529373346028
3.34179846409603
3.53984889764237
3.71780483227045
3.81657592787743
3.85554688136384
3.80633943683782
3.75964729794370
3.62604163119804
3.43085602383114
3.23155900874164
2.93641841246572
2.67613996497235
2.35989981257439
2.02863414878265
1.72953464106988
1.45361826552606
1.21217608102174
1.03209894267948
0.935789069600801
0.946011697485239
0.947984491003706
1.05613225688573
1.20123470239433
1.36805202424089
1.63086080680167
1.88419269999042
2.20305359829627
2.50365579966932
2.81650685150641
3.08559930474974
3.34790309666565
3.56983638844799
3.71169913383162
3.79592340899811
3.82681246837039
3.84459184044915
3.74115031207687
3.62675991870941
3.45150498457995
3.25005154627968
3.00068518637756
2.74811721934600
2.43240473393672
2.15442286327440
1.85404964001695
1.55156625725045
1.33253497722037
1.09720474615477
0.978114656778135
0.902790046205009
0.951392047773904
0.992462505455476
1.12105943969457
1.26544884697312
1.46384339354188
1.68360588445739
1.92653724696415
2.20861659487256
2.50096365034399
2.80089012680708
3.06585153163639
3.32599832030095
3.56175588507942
3.70415682475708
3.78981748544926
3.81657592787743
3.82070645580909
3.74869275283595
3.68440328537114
3.53841238178946
3.32545968111217
3.11234885460503
2.83984240180603
2.59752421227902
2.29008925087961
2.02378936910176
1.72056410252213
1.48859917109247
1.19154893898019
1.07532323350223
0.970582075140737
0.914447251157741
0.949419251080683
0.980804870999722
1.08823688575539
1.26473135974046
1.44141993177287
1.65203044206018
1.92528125245539
2.19426050447496
2.53919249143510
2.80214664062747
3.08972840785107
3.29116660132776
3.47807959543962
3.67398785693623
3.75551688903863
3.82196357460389
3.79125417176014
3.78029946324407
3.70146314945125
3.61849962703025
3.43983380812466
3.22599332516152
2.99601770138793
2.76319505875560
2.47906762958174
2.18941534592745
1.91146536201803
1.67409732101588
1.43585894999707
1.23818450302873
1.06850772656351
1.00896265162319
0.937044477384479
0.958924561145697
1.01165290503682
1.12392919537212
1.25450719308907
1.40159644895448
1.65759199150691
1.88831946182638
2.17164985941097
2.40297174383611
2.65908835530284
2.97070575035250
3.19601070064458
3.39727944777122
3.56103761960473
3.70828713354377
3.77742610645190
3.81513922439732
3.80418439239414
3.74258696538959
3.66518865557035
3.54038759133831
3.41451655404105
3.18164791706319
2.96998768523108
2.74255280572265
2.47278602606163
2.20789878804171
1.94017380671681
1.66925335228031
1.43245061354587
1.24284811592183
1.10132997469201
1.02743579390876
0.936327101416951
0.952826810159796
1.01577796690947
1.09917768053948
1.22365562100961
1.35441914787188
1.54672256876898
1.77941152833754
2.04909000739074
2.27698881061148
2.50634795241620
2.77827300548519
3.00553220090504
3.24735844824686
3.44396360167437
3.58025130491386
3.72822047609671
3.79053582848293
3.80975159502290
3.76108396379802
3.74115031207687
3.63232665517885
3.53087068954069
3.37950382880848
3.23766332367413
3.01450818301754
2.78706852397222
2.50904010858466
2.27770664085670
2.03132569783840
1.77044077852592
1.54941350544654
1.31890232949766
1.16841090570775
1.05882257022837
0.977397266896285
0.954261573517866
0.956234374722594
1.01237030652437
1.11567865828168
1.22921604556315
1.38527262510217
1.55425720008267
1.77941152833754
1.99507979100279
2.26263225679388
2.51873189912182
2.74542475931600
3.02061187257740
3.24664028934961
3.38489036426026
3.56857941923327
3.70002652402170
3.76718980454633
3.83435521406269
3.79933555040970
3.72534718992724
3.73630161433803
3.61167593210650
3.43354935512474
3.32887106495389
3.16782382982868
2.97124429935329
2.71455146223724
2.51657816405916
2.23661125101991
1.97713650231066
1.76236713618345
1.57201750853080
1.37146025704635
1.20392520009392
1.08411168272513
1.01703342211793
0.959641944769089
0.977397266896285
0.987082050808511
1.12321175608813
1.20320773370645
1.33935133399263
1.51873703001408
1.67194444465447
1.88688406549316
2.15173115778476
2.33656954883268
2.61116509258213
2.83786784528696
3.04933535366461
3.28218944698445
3.44450227099171
3.56373111639034
3.66303375468374
3.75282314843837
3.80562108844640
3.77060189968688
3.74186863861147
3.70146314945125
3.59587377560380
3.50142243401168
3.36442160239938
3.20283305695639
3.02886983350240
2.78509401664318
2.58172961851078
2.36259178261884
2.10112773123530
1.86768573305581
1.67266206986510
1.46187011937852
1.28733232434809
1.17522673420202
1.07532323350223
0.991027716212840
0.954261573517866
0.986364657888546
1.01093550379232
1.09379695472903
1.21755710764257
1.37146025704635
1.49200759791275
1.65615675154182
1.85602327962804
2.09556501696666
2.26065823825377
2.53721821514083
2.77145201629032
2.97196236490065
3.16782382982868
3.35759872572368
3.51650563571160
3.60898237437033
3.68368497831811
3.76790813990878
3.77132023620609
3.79053582848293
3.73163250848366
3.67129421998407
3.58492007718961
3.50555234761139
3.34395303828856
3.17195309319099
2.99673577533238
2.81794287794832
2.58513980492381
2.42414909788318
2.17434159021408
1.95327216388610
1.75483176443234
1.57417028331229
1.39621495466017
1.22993352076261
1.12249431704720
1.03496857779644
0.982239653315433
0.983674436603341
1.03084347853869
1.08411168272513
1.13827803209773
1.22993352076261
1.37845612051654
1.52142793113180
1.67750604639725
1.84848757464448
2.04711618786049
2.29206329684866
2.48857980751708
2.67955030337734
2.91918519564936
3.11522130957053
3.30624830625712
3.40625708978758
3.53284589205879
3.65836481028113
3.73845658974102
3.79879679087414
3.78083821807640
3.76718980454633
3.72480844920423
3.65477332158775
3.57809649041027
3.47466797134257
3.33012789196443
3.20624424335093
3.02958791858235
2.82889261157812
2.64401125688095
2.44963399108536
2.21956317918452
2.04298911660488
1.78282042322899
1.61794384517170
1.45020990049206
1.29486603282105
1.19154893898019
1.07873099519783
1.01308770825498
1.00412020409188
1.01093550379232
1.03837627454889
1.10402034545901
1.17181881721262
1.25109914850834
1.37630354467954
1.51245827403621
1.66710048084305
1.88760176353817
2.03617049475819
2.23589343470182
2.45842814510884
2.63575479607568
2.82135344464931
3.04323158134796
3.18972697084643
3.33353928332277
3.51650563571160
3.56642461660009
3.64184401269794
3.71439282215049
3.74330529241123
3.71852315089056
3.72822047609671
3.67686107345966
3.63771383342961
3.57468470526144
3.44324537613095
3.35149406521737
3.20893728912106
3.04664251076885
2.87125604852698
2.70629472648727
2.49880993334726
2.29278113220263
2.12786485207211
1.90321175618782
1.71231124061654
1.56663558115112
1.40231398256032
1.26347575766826
1.16087764710603
1.06779030605658
1.02528357486277
1.01649536979458
1.01918563277849
1.02600098096837
1.11227083712539
1.15603485215675
1.27100938126880
1.35710984020369
1.51048495457354
1.64467486683675
1.80470924747136
1.96565287732416
2.15855015166897
2.34213289608477
2.56252498701596
2.71455146223724
2.92546812304203
3.08918982872928
3.23909963562610
3.37124450104730
3.51040051732651
3.58976842851873
3.66931888839554
3.70631176746736
3.78029946324407
3.75138648818517
3.73701993922883
3.71726609346518
3.64453761221041
3.55008410128594
3.44791384651524
3.38848139550300
3.25418096991229
3.10624490073479
2.91721056517444
2.83032864641617
2.60290875979986
2.42217492881141
2.25312109347755
2.10525491577867
1.87791286045092
1.68504114302482
1.58780457441381
1.42222563710551
1.26473135974046
1.18957591853098
1.07460581068618
1.03012607079245
1.01506056426740
1.00214735827252
1.03622404438300
1.06366514285866
1.13612570039047
1.24356559574006
1.30796039941974
1.43388570190935
1.53093580913164
1.66997097657906
1.82803365341765
2.00046280725323
2.17021427104803
2.32831428629015
2.50096365034399
2.71526944077990
2.90015701493478
3.05561866706595
3.18434093156772
3.34323484664760
3.44863207364123
3.55008410128594
3.61580606061929
3.66985761500978
3.73773826436317
3.77401400032206
3.73845658974102
3.71313576717553
3.67739980199156
3.59731033041586
3.56444938277814
3.46999944200668
3.37537416090317
3.24322903791213
3.14520279074504
2.99260685347568
2.84540707098916
2.67147319499951
2.48588767735240
2.31395738458873
2.14975724259974
1.94501839513416
1.80345332520857
1.64521307879171
1.51317584520580
1.37971179076525
1.26132329870512
1.17935211473777
1.10814558727394
1.05953998769701
1.04303944741276
1.03209894267948
1.05882257022837
1.08339425693153
1.13074488069343
1.18885845700523
1.28948480974832
1.36751388272040
1.49541603021880
1.61310000487185
1.73976110136252
1.92528125245539
2.06613670714914
2.20520701459258
2.40225387113798
2.55767898601854
2.71724388302696
2.86730687876802
3.06854439894888
3.17608236460158
3.30624830625712
3.40140915837398
3.50411585501147
3.60557053948686
3.67326955341416
3.71439282215049
3.70487513875032
3.72947754002108
3.72409012845331
3.70559345298708
3.66788228476057
3.59318023795643
3.52404727682795
3.41649164808950
3.36783304897680
3.24933338646953
3.13353330153108
2.97950206784268
2.83714982519088
2.70898713678265
2.56055068897504
2.37425702567904
2.22638239145277
2.04980776040325
1.88688406549316
1.77941152833754
1.61919965742830
1.46456094823898
1.36751388272040
1.27298247759314
1.17110136170318
1.14437631714864
1.05469742450059
1.01577796690947
1.02600098096837
1.09236209682206
1.06294772399240
1.15800784135471
1.17235690900421
1.26275827110411
1.32715365842472
1.43783219992343
1.54672256876898
1.66100069032227
1.79932672873177
1.96152596480342
2.07851808035627
2.25042926255730
2.38717860067803
2.57078116239697
2.70432029444556
2.85222829831607
2.97752738114516
3.11917094150737
3.26172167731430
3.37052630015492
3.46173976145850
3.50070418899001
3.61580606061929
3.64453761221041
3.67883641207962
3.69050890515376
3.68296667150860
3.68296667150860
3.65962183276205
3.62604163119804
3.57953303316917
3.50411585501147
3.43085602383114
3.35077587102011
3.26926241155579
3.19313813613855
3.04592441990807
2.96101189174947
2.75565612563587
2.65693447752961
2.48660557839510
2.30175409465368
2.22440840669628
2.04011811525705
1.89711128559468
1.76434069035828
1.64108679063251
1.49882446801065
1.38939841485269
1.30652539638999
1.22580804168540
1.15729039052458
1.11908648492227
1.05003422596347
1.08554653504155
1.06223030536921
1.07944841941150
1.10061254306476
1.15262696605377
1.20051723691843
1.29630102794992
1.33594315286392
1.44267563935615
1.53506188267743
1.63767812386923
1.77115843711253
1.90052036993655
2.01894460050296
2.17918671428002
2.33244191353966
2.45717183515585
2.60434464145037
2.75493813340471
2.86587081886280
2.99871047993463
3.14466419752028
3.24861522690282
3.35490549097907
3.44791384651524
3.54110584981261
3.59533506780039
3.64112572007294
3.66788228476057
3.68709693898878
3.73630161433803
3.67470616070182
3.66447035503130
3.63771383342961
3.61778134231918
3.59874688620191
3.51848082483790
3.45886683664169
3.37124450104730
3.25956718674644
3.18703394949546
3.04807869322063
2.93911111525690
2.84666361121481
2.71796186248218
2.56252498701596
2.42145704960513
2.28739737297764
2.15514065198269
1.98951735525034
1.87863055545587
1.74801407023604
1.62960498763021
1.51586673925722
1.39621495466017
1.30168226834375
1.23477648471739
1.18060766693084
1.13487017457152
1.07729614749967
1.09307952565401
1.04178397678535
1.07532323350223
1.07317096578328
1.08482910876181
1.19423942437354
1.21970952211956
1.29020230536794
1.38724582789303
1.47424796044637
1.54474921737856
1.66028306906310
1.77187609594233
1.87037707758226
2.00799905298857
2.12104595697722
2.25168544989436
2.38789646826701
2.50509161404186
2.64060097569086
2.77270851264963
2.87753883377094
3.02276612015013
3.15956532724884
3.25148786663030
3.31989375084687
3.43013780273109
3.46856297351135
3.54936583976800
3.63430195228040
3.65010439538751
3.66788228476057
3.72067810821202
3.67201252283648
3.67470616070182
3.65836481028113
3.63627725122346
3.58833187882015
3.56444938277814
3.53230720028032
3.39871586793745
3.38848139550300
3.29116660132776
3.20067862627394
3.11647800984263
3.00014662989240
2.91451789022032
2.81040374998845
2.67542199969195
2.55767898601854
2.42702061981755
2.29762652720513
2.12104595697722
2.00943453140705
1.92994637867108
1.78425574903533
1.63983096539721
1.58296080304859
1.46456094823898
1.38599015317702
1.31477667709073
1.25181663112216
1.14921908543524
1.14634929548404
1.11836904727902
1.08411168272513
1.06438256196797
1.08823688575539
1.12661959485200
1.14437631714864
1.15334441530389
1.21899205038414
1.28320673344651
1.31818482415386
1.38796335663646
1.47962965304170
1.55981849277121
1.67337969531891
1.73079051949868
1.90052036993655
2.01069057582131
2.08049192915079
2.24217433573337
2.34679894053101
2.45842814510884
2.57562719336864
2.70288434502567
2.81381430455161
2.91864665988275
3.03982065741888
3.15076826208528
3.23353393223630
3.34592806655653
3.41505521587166
3.51309394973963
3.53643717408201
3.58707489863288
3.63502024259208
3.64597420001723
3.68153005862013
3.67129421998407
3.66231545487522
3.69248425649738
3.63627725122346
3.64794950984202
3.56857941923327
3.56229458434524
3.46586959770761
3.43354935512474
3.35490549097907
3.26710791331949
3.24394719565305
3.11863235490058
3.03838448056540
2.93372571309715
2.86928146272724
2.74470677055264
2.64813949935149
2.54744857587522
2.43043055717065
2.27016943541498
2.16895813202862
2.06757222497104
1.94017380671681
1.87593920044131
1.72809935234888
1.61722623850227
1.52627156176003
1.45020990049206
1.36948706896409
1.26006769865366
1.22240004329241
1.18204258463448
1.16625854337260
1.14168589510834
1.11639609501341
1.07460581068618
1.09164466823318
1.11836904727902
1.13881611536637
1.14993653353074
1.21899205038414
1.23405900787705
1.30455226881185
1.34903777346460
1.46115256559317
1.49613359561383
1.57470847734960
1.66028306906310
1.74586111873370
1.83413392504168
1.95327216388610
2.03329950265314
2.16339523961175
2.29206329684866
2.38107673599456
2.46524812642659
2.57562719336864
2.70019194248694
2.79047904096630
2.90356771400016
2.99314540804410
3.09044651355977
3.20355120100407
3.28093264841185
3.35759872572368
3.42941958187451
3.48633933968786
3.51794213671175
3.56929768726466
3.61993619718290
3.62675991870941
3.64741078879809
3.66860058645630
3.68494201582071
3.64525590599207
3.65082269105636
3.59874688620191
3.58150828105299
3.54523584076510
3.53769412422824
3.47341105858633
3.40966860372832
3.36244655689155
3.30211878113848
3.22204349407162
3.14735716501333
3.07608444563389
2.97824544882220
2.88705280118384
2.82476401684125
2.70288434502567
2.61313943779780
2.48247765072226
2.37228290310666
2.26747758282855
2.16608695992455
2.11207376003544
2.00261601758419
1.86912111637765
1.77044077852592
1.69114100278789
1.62404351167939
1.54134070567159
1.46671361378905
1.35585418335673
1.30114414368901
1.27226498780794
1.23477648471739
1.19029338029981
1.16428554648724
1.12661959485200
1.11639609501341
1.13200040406643
1.09307952565401
1.13146232252971
1.15459995207650
1.17719974128162
1.22778109589349
1.25791524315466
1.27854303167101
1.34491206234674
1.41397393773030
1.51730188414937
1.56179185820340
1.57076172425219
1.68773225546043
1.78210276069061
1.89639358432719
1.99436205653644
2.05393484494546
2.13396598734431
2.23391944108139
2.33728739926994
2.43455838341635
2.52555207460036
2.65298570730004
2.69534562654077
2.83499576636287
2.93839306084460
3.02886983350240
3.11791423963785
3.16997822710054
3.25902856444682
3.33353928332277
3.39117467292939
3.42744447577432
3.49729252846213
3.54397888614474
3.57881476166797
3.59731033041586
3.61508777682136
3.64525590599207
3.65620991633457
3.63160836578032
3.65890353411021
3.60970065609849
3.62891478270454
3.60000387331369
3.56714288390099
3.51848082483790
3.51506913568539
3.46928120763727
3.38147889021735
3.35544413765411
3.29870744037235
3.22599332516152
3.20014001894566
3.10552678967099
3.02204803738248
2.92816081191463
2.86856343198366
2.79801809801627
2.68296064727272
2.57078116239697
2.49414355403320
2.42289280826098
2.32831428629015
2.17577718137445
2.12499373567224
2.02989020458301
1.95183672353174
1.85530559228393
1.78694698754407
1.66440939462406
1.61919965742830
1.52071035716609
1.45164500089040
1.41253886286027
1.31334166944197
1.30455226881185
1.25594216086923
1.21145861183876
1.18060766693084
1.18885845700523
1.14294142496843
1.14634929548404
1.14581121030117
1.14168589510834
1.14025100475120
1.20805063653928
1.20589823391287
1.22240004329241
1.23334153127980
1.26347575766826
1.34688522753071
1.40572227050819
1.40303151640928
1.50976738431574
1.55228384167138
1.62135248017212
1.67337969531891
1.72469054553494
1.84095189647356
1.91774530104435
1.98341663606134
2.05590867083017
2.18797974552336
2.24630179512383
2.35774623900210
2.39830557564717
2.50437370673393
2.65693447752961
2.66519102088681
2.77486250814237
2.85151027335260
2.95419031413773
2.99601770138793
3.13766249805852
3.18505906934707
3.27195553743224
3.31163465546479
3.36855124895621
3.41720986456362
3.43767913642474
3.51165745202653
3.56786115144539
3.53356414797645
3.60341569923327
3.60682753064684
3.59874688620191
3.64794950984202
3.61921791198482
3.64184401269794
3.62262976884440
3.65279800540128
3.60898237437033
3.55690759785053
3.55618933401942
3.50896402143955
3.45078675648006
3.41451655404105
3.39727944777122
3.36370340381987
3.29870744037235
3.21450292789398
3.18218651969024
3.14322794959033
3.06710820262292
2.98093820477882
2.90141358763579
2.85833152033174
2.75565612563587
2.69265323358374
2.62749836745134
2.54062832989577
2.44891610257287
2.37425702567904
2.28326983350570
2.20036183100465
2.13809323587634
2.02648091200076
1.94376238966560
1.85135831623854
1.77187609594233
1.73348169006818
1.62745215649738
1.57883463617949
1.52555398615311
1.44751908986642
1.40105829890965
1.34078635926677
1.31961983508456
1.28733232434809
1.22311751618251
1.22096509824148
1.16625854337260
1.16697599724123
1.14096844980823
1.11424378554742
1.14850163758283
1.16285064081616
1.16356809353016
1.19710927922760
1.22921604556315
1.25109914850834
1.26419324447550
1.29145792328722
1.32984431611319
1.36195309501629
1.42294317770115
1.43388570190935
1.48644648329560
1.57686125486654
1.60969138315395
1.67409732101588
1.72881699658779