0.0529222364529162
0.156872648484537
0.419397481680985
0.826739242923214
1.55442566790280
2.31180144101948
2.99512393040523
3.38440481009814
3.41139302073811
2.90232250088932
2.21361924507413
1.57408619942877
1.21135377530493
1.28568790934930
1.77967457426770
2.47276028566653
3.12095005049813
3.50695159391325
3.48135850522166
3.02937938879077
2.34274910805777
1.67924507528014
1.26809421011642
1.24562525536748
1.65637790764057
2.32080900295819
2.99390388131121
3.44383945174722
3.52532200732907
3.17258321255585
2.53974928362074
1.86321146109219
1.36456005495153
1.20943362562251
1.50177642913685
2.10817401023899
2.78496328107696
3.32771864685454
3.54434427135409
3.33360026547896
2.77139246012978
2.08502764799598
1.48904282758030
1.18974460056825
1.30118787408939
1.80269889285159
2.48974620829158
3.12258362241573
3.51502722444662
3.51380675286174
3.10861816286545
2.45180447367509
1.79063335347761
1.30771332364101
1.18284894698174
1.48092353338598
2.10239218105448
2.78303253431018
3.33663318755295
3.58955855966402
3.42443414105584
2.88740154607044
2.20525489695608
1.58407859506893
1.21206568436755
1.23873250975661
1.66245814463250
2.31170159296886
2.97220987112919
3.45066456552596
3.58064899174813
3.31063013640912
2.73294165912696
2.05313827998117
1.46656861694369
1.16738778512214
1.26375205842632
1.73746740908504
2.40344132110586
3.05276095790681
3.49123199619788
3.57573476282243
3.26023647157392
2.66183512907251
1.97941214805900
1.41739687146548
1.14535388379766
1.27595438377405
1.77048750485608
2.44206237334870
3.07943337991722
3.51392409059995
3.59882344565374
3.29551742268962
2.70589868048279
2.02882467879586
1.45382294185593
1.16003233829892
1.24078264457873
1.69274069180004
2.34955568746357
2.99689614370427
3.46481056382143
3.61271325493853
3.37524326587321
2.82463405099379
2.16072375652085
1.55391654886272
1.18960180826521
1.18960180826521
1.56962837812746
2.18752636978013
2.85528843233801
3.38002107228963
3.62542697508025
3.49985021828648
3.04165219716086
2.39167964223904
1.74969076269351
1.27856948891157
1.14111674677237
1.37097946092820
1.91230259933053
2.57731590984163
3.18405295842209
3.55696572301136
3.60406618901694
3.29579722002771
2.70890330078312
2.03789292573074
1.46326022041975
1.13976547266922
1.16948048515842
1.56528438276142
2.19286856401241
2.85682934946499
3.37923051979470
3.62945041496572
3.54397082852442
3.10837476812091
2.47479318110506
1.82828500065955
1.32759837906614
1.10993847439636
1.25614025550088
1.73406538881680
2.39303750595181
3.02276896922293
3.47658981807929
3.66022096238887
3.47493720105281
2.98685480962798
2.34370902475561
1.72100518400183
1.26320637755147
1.10839270444759
1.31004084625605
1.82205900545073
2.48380653235461
3.09093835138798
3.53008327721240
3.66923662219417
3.46955237115648
2.96065038474268
2.32041229991250
1.69885796277943
1.24326148397344
1.09024111675958
1.28725323842709
1.79528691494634
2.44219940808892
3.06961062541964
3.51547597352850
3.68474989418746
3.49809622640034
3.02508972127642
2.38975162337652
1.76434445393639
1.27670293421845
1.08532382743826
1.23044361490748
1.69464921109903
2.31718296018432
2.95580996196798
3.44014892824975
3.67131643292182
3.56640849619856
3.16708489672081
2.57537454154276
1.94256372136352
1.41765555077052
1.12102375260465
1.13867894802121
1.48407794972807
2.04839723158816
2.68647590180749
3.24970082777152
3.60877764307949
3.67189497365686
3.41250329526285
2.89922247565585
2.26224865164551
1.65807445558595
1.22125686353372
1.06874768151454
1.25097050712999
1.72187848067864
2.34357990954642
2.96359152449246
3.45192204332170
3.69078204881756
3.61793329577656
3.24882933995735
2.68448942909288
2.05069838389853
1.49018443344851
1.13671019543814
1.08607817897210
1.34728046087514
1.86847904595141
2.49335348299687
3.08696363798602
3.51819327123387
3.70047357152042
3.56267382613566
3.16305709514933
2.57644179217655
1.95282264021827
1.41629493682836
1.10090298760455
1.09078373150097
1.38671796769044
1.91254320707679
2.54018659662807
3.12694821874399
3.53819277197769
3.70377933423124
3.57172334175077
3.17439856702783
2.59994104582909
1.97972690800003
1.44966154112863
1.12716272445074
1.08338537262612
1.34799208502544
1.84150538432749
2.45553766482126
3.04244108211033
3.49615082398820
3.70065781844107
3.63146958506721
3.28034146819486
2.73680876731580
2.11488538882544
1.55792895359267
1.17151569032829
1.05227732669808
1.23405934020140
1.66583075520224
2.24577167394175
2.85275060338119
3.35343258077245
3.65132035317259
3.69253963484840
3.45765386135468
2.99449804460487
2.40732377599575
1.80820691498292
1.32481492399023
1.06681331208091
1.08392896696267
1.39575723367019
1.91198878054693
2.52649767335934
3.09847557210811
3.52669959157291
3.71818041238413
3.64683589367085
3.30539183496130
2.79006035219417
2.18597633713030
1.62384392982583
1.20754221908849
1.04312971348519
1.15536867392634
1.53193171328820
2.07172681589233
2.68747863029284
3.23593626910265
3.60831750667211
3.75036015293881
3.62914155636738
3.25864998412503
2.71582480401040
2.11583902988276
1.56753592607391
1.17194975712068
1.01730014736018
1.14320694196608
1.52321413617823
2.06508910475786
2.67121423597071
3.21402819337294
3.59150631392474
3.72791118194212
3.61749894350788
3.27881334146796
2.75896002573420
2.16403003601371
1.61573297103187
1.20794192754486
1.01109519516161
1.08967305906844
1.42912049429582
1.94154374238751
2.53247323741071
3.08980877693790
3.51545887130735
3.71997624667475
3.68406956156170
3.40644826384049
2.93930783720760
2.37158239321488
1.79777644338420
1.33438659868033
1.06196897701191
1.04582285567138
1.27252026048157
1.72588742100733
2.29395374657116
2.87276336884754
3.36398842985613
3.68310601858295
3.76504663653009
3.60820316439667
3.23828401587794
2.71900204809550
2.13530834262113
1.59824315877484
1.20168971512014
1.02551454477217
1.09174905132262
1.39957579069543
1.88744597692368
2.45563973332846
2.99983031238262
3.44138314233328
3.70176980096949
3.73135793250066
3.53369038041361
3.15060213162695
2.61859837131403
2.04080822192843
1.51581824946086
1.15404371987826
1.00445691679629
1.10969182695469
1.44421732358241
1.94044501880092
2.50466386079364
3.04186479867105
3.46726868207021
3.70927625811870
3.73394490858224
3.53684951206698
3.14952247397679
2.63610410623920
2.06695981890858
1.55427656996886
1.17743303784622
1.00675249473909
1.07094062518583
1.36261365595466
1.82377086194696
2.37386244107137
2.92720045813056
3.38106441622411
3.67128619517290
3.75362313735848
3.61954269996462
3.28110044107658
2.80466727239137
2.24917228287808
1.71399898903429
1.28184797482870
1.03136805099384
0.998790134985568
1.20477240580629
1.59969880996912
2.11525909945139
2.66801186279457
3.17264066759943
3.54025619536274
3.72503561621440
3.71052847578302
3.49300240051733
3.10513468980659
2.60708677390154
2.05829865897287
1.55764003280355
1.18342485413376
0.995094429671770
1.03832822634190
1.29414946200882
1.71768440413393
2.24255448485823
2.79080767152400
3.26095949801764
3.60216326125327
3.75721479336418
3.71613483723743
3.47587714533384
3.07487268738044
2.55970802406756
2.01354541390303
1.52713705563367
1.17165059602435
0.996848332292528
1.04513971844855
1.30451236020828
1.71326032035992
2.22474975360403
2.76327280337170
3.23560585036938
3.57788774528487
3.74773223983004
3.72525278050239
3.51404058093549
3.14630991089301
2.65675920813547
2.12906381319633
1.62186950980167
1.23189569626020
1.01235020895332
0.996061921532605
1.18729439767522
1.55245758546027
2.03707247051727
2.56928719793835
3.07936470514683
3.47063764807571
3.71721196281083
3.77843833212370
3.64252146739586
3.33846158686237
2.90405513025804
2.39070882956968
1.86689002134747
1.42446583717442
1.11319935898949
0.985080688799710
1.06128411343603
1.32094119541615
1.73008406379300
2.22114608207462
2.74940513383926
3.21215802324070
3.56183601266943
3.75279930457128
3.77158027621308
3.60118901165212
3.27588091108591
2.83720481268682
2.31891713840719
1.80731663579053
1.36695103835766
1.07747178545258
0.963488216475505
1.05425671764344
1.31552465228565
1.73190810822933
2.22544770708506
2.74287157802300
3.20149596939122
3.55253459762957
3.74841651471708
3.77197378947641
3.61540568842256
3.31694723868531
2.89704194452885
2.40271750648726
1.88755749138750
1.44951025623103
1.12895197830752
0.977047088891682
1.01112981392633
1.24146391989747
1.60828463571259
2.07276757331079
2.58197484853123
3.07127440538966
3.45666438472720
3.70514755803426
3.79693448021993
3.71925939142023
3.47421588718598
3.11251221680071
2.65128241509827
2.15358764016763
1.67359655729120
1.29238046280001
1.04395546668175
0.966785861358313
1.06365160203095
1.34149566062401
1.73570728015705
2.21377868056915
2.72355200730268
3.18206327834384
3.52473973572728
3.73308153687466
3.78500885644591
3.67034433740841
3.41557453737831
3.03729630599455
2.58551618097242
2.08876868621003
1.63192714317504
1.26001220454825
1.03269079539182
0.963198551471050
1.08980666518841
1.34863500867827
1.74381220767504
2.21638715365013
2.70479633290696
3.13821951474610
3.49037084045624
3.71077950661509
3.78353568030563
3.69598478024802
3.47722530836016
3.12848350660080
2.69065125832428
2.21017466693275
1.75321429410526
1.35544922059054
1.08966047008214
0.976901137976284
1.02167377485994
1.22681969418284
1.57034328812320
2.00991053749141
2.48734303112327
2.95662820894335
3.35173678354871
3.62926349941911
3.77254705559660
3.76364096979482
3.61881177596738
3.34706101799503
2.96932609100541
2.51414644542524
2.04328839241012
1.60099152322707
1.24989121750632
1.02845486586723
0.960471191243138
1.04929800693922
1.28128030070559
1.63194985036240
2.06822405392491
2.54577557206441
3.00355042340036
3.38732114396664
3.65813772352529
3.78910404884993
3.77567284759298
3.62322972669605
3.35610806211712
2.98041541705814
2.54935243166855
2.07920559264156
1.64469368277293
1.29251147280812
1.05658142240650
0.967752537540768
1.03602226609768
1.24748073061326
1.56473663905944
1.98362444665479
2.43391633920722
2.88937714403679
3.27460751290100
3.57568565100895
3.74582791995557
3.78651630217845
3.69239020006121
3.47528255615076
3.15108931277394
2.74692454507045
2.29766569524582
1.84069188838243
1.44755283169568
1.14699186190189
0.982105193709722
0.957064670816891
1.08815240934306
1.33904323628707
1.69394824221106
2.12244246181545
2.57742065045962
3.00468797056548
3.37280804965586
3.64251357887055
3.77703672237302
3.78666129130950
3.67612352252421
3.44353840684933
3.10635255803267
2.70524357556820
2.25678425200800
1.81319959401206
1.43089850567599
1.15470020792532
0.999607019038598
0.981705781574197
1.09542876073212
1.33422781303918
1.66846571772089
2.07535196101764
2.52443873146515
2.96085142306427
3.33065275330779
3.60760791124217
3.76525662908113
3.79962534223841
3.71318301887997
3.51879961382676
3.23007078202726
2.86128623722625
2.43336651874733
1.99772439396009
1.59060917147072
1.25993135558098
1.03846313169740
0.952938211441007
0.999861800974814
1.17475318966787
1.46067249416714
1.82944370377092
2.24384792711471
2.66614291892859
3.07084030899898
3.40501011974591
3.64172099387012
3.77283420654234
3.78543953112919
3.68021620700409
3.45843619992738
3.16174270900066
2.78223257326258
2.35899221203236
1.93498807313284
1.55418234260204
1.24087446379070
1.04068355155295
0.964738161467521
1.00975993428889
1.17083931236557
1.43077662317563
1.78131642543780
2.18993891666060
2.61233620477479
3.01576973813109
3.36418153358238
3.61909615519670
3.76008446361455
3.79104140911464
3.71443919136391
3.53732517569655
3.26640047096452
2.91990322641938
2.52675291311792
2.10642352322949
1.70269943633116
1.35995601802429
1.11537779483176
0.974963116116270
0.954981745768379
1.05517707709836
1.26114151638583
1.55198196459449
1.91531173790538
2.32179695321487
2.73628264111511
3.12221977088061
3.44558623597873
3.66804397969454
3.79366454494648
3.80680894126915
3.70869373573690
3.52130787925931
3.26076214355920
2.92399047298195
2.53973908174428
2.13243769096930
1.73926152998487
1.39995932021925
1.14253472408314
0.992253158628205
0.963375042350412
1.04947223424229
1.23132537518675
1.51107345358797
1.85232431715427
2.25220121034643
2.65393235931004
3.04398336166098
3.36529183554663
3.61173029051494
3.75297248672108
3.79775651179325
3.75020599940315
3.61445764341819
3.38693776675456
3.07837032218846
2.72066121179001
2.31766588506493
1.91487864333471
1.55445811909888
1.25497421361110
1.05682771686760
0.969509365099118
0.984970645919634
1.10920286113983
1.32556924940240
1.61437095487285
1.95922899913951
2.34669858612019
2.73451732598240
3.10098855840994
3.41121486179686
3.63216481058418
3.76597364349145
3.80335997774052
3.74568292766133
3.59154674789774
3.36948390233503
3.07322919487034
2.72797101657836
2.35322557440171
1.96891949409723
1.60957086755436
1.31312864827187
1.08950904039596
0.973025022156158
0.959644475204321
1.04559629340618
1.23006790390826
1.48860621804525
1.81851810301434
2.19444630983320
2.58166092520893
2.95551423956050
3.28901981007452
3.55021774879962
3.72309516633537
3.80831696426879
3.79736304583469
3.70283895658877
3.52216646347542
3.27120490619153
2.96699180000525
2.61683115749497
2.25013943596373
1.87324133938606
1.54540916369645
1.27279756501157
1.07777513322102
0.973346179688159
0.979229271013879
1.06464357592779
1.24692731607328
1.50012227674457
1.81976826203904
2.17473439826932
2.55412316283352
2.91551429497834
3.24542931353810
3.50209569862255
3.68922666226935
3.79114880991137
3.80030695511307
3.72251736024300
3.57635501750722
3.36046686287053
3.07559168885584
2.75212389788406
2.39392304420957
2.03013676876088
1.67942743902279
1.37910491703157
1.14138256521398
1.00383985403876
0.953904646004467
0.998924744733411
1.13467142128846
1.34268015272693
1.61106262116394
1.93043382531024
2.28638658837421
2.64748929945312
2.99628914213082
3.30736621894455
3.54611884710802
3.71587413905982
3.79545862156792
3.80109720601032
3.71831490338580
3.57294309554496
3.35418078716874
3.08119218935578
2.76342957091066
2.42413730677926
2.07366170770288
1.73744338451511
1.44113592598156
1.20028918687846
1.03755981423445
0.963661383352191
0.967212727811520
1.06640133460088
1.24538191513770
1.48106562484737
1.77562399669960
2.11719439293308
2.47428627995677
2.82281399057460
3.14628973041239
3.41885517817387
3.62418829427991
3.74392037926369
3.79513420508303
3.77362132728648
3.67744398230984
3.52291418668755
3.31345908522377
3.03993553417730
2.72551966528092
2.38838903758669
2.04064283398382
1.70253020156299
1.41386685828228
1.18597331629670
1.03311098335327
0.956881138386904
0.979050072354174
1.07335981105126
1.23034637793770
1.45332643781322
1.72842829095667
2.04426429012383
2.37654246186432
2.72282886590619
3.04274019650646
3.32696405954041
3.53871783449050
3.69694481381044
3.78339004566217
3.79818698660451
3.73953853536511
3.61926721840905
3.43034257405190
3.18994137401336
2.90149419085899
2.58188970074662
2.25353507796354
1.92978325799112
1.61755518022050
1.35297693427706
1.14808738827280
1.01424141964157
0.960037805062260
0.981812023706303
1.08541343331017
1.24936019793974
1.47234069224739
1.73693151217695
2.04712939476842
2.37036502484532
2.70078314970399
3.01383551880619
3.28775018225455
3.51113711741980
3.66993806497899
3.76460609669122
3.78884858271089
3.75117436600200
3.65133411083522
3.48639348043306
3.27858970101429
3.01738262797214
2.72884960576922
2.41224587284704
2.09773311005002
1.77342971127859
1.49039489165391
1.25291638816111
1.08103723148951
0.981416656183610
0.959642642256817
1.01531609108693
1.12752683659097
1.29818598307046
1.50853952456342
1.77327553041389
2.07146106462180
2.37994265061468
2.69528864338162
3.00618455863103
3.28189680189329
3.49145919417753
3.66433577660528
3.76625868439284
3.78927979620981
3.75559156087357
3.67640099010328
3.52995049397861
3.33625330305140
3.11352895395288
2.84383232630363
2.54175120217264
2.23037998985055
1.91894090501450
1.62928363409927
1.37295817383625
1.17204905068995
1.03533340360982
0.969364126563510
0.976466829018555
1.04035428056156
1.16720295101369
1.33718042940873
1.56178348190138
1.82420060790109
2.12784254389819
2.44071412876392
2.75921982965850
3.04613862603124
3.29582438838070
3.50226437106931
3.65431500065003
3.74722319519838
3.79118287525865
3.77283023504417
3.69568625423491
3.57088867971047
3.39690447483605
3.18020300824178
2.92697464451705
2.64653026950735
2.34612539597300
2.04956536658506
1.75677258979494
1.49121241581596
1.27264339997959
1.11593881126266
1.01481205635819
0.983603291530990
1.01743044347396
1.10388303440198
1.24085285626526
1.42809449806261
1.65747876634472
1.91796298579971
2.20765395125282
2.49860165084243
2.79134373017748
3.06470028820782
3.30630895504028
3.50219226653862
3.65043489926275
3.74977264801945
3.78403543274523
3.76704758972078
3.69816390483715
3.58281172041901
3.41403038960469
3.21542377105852
2.97655273410398
2.71713630984287
2.43793592859032
2.14811214276490
1.86499569433978
1.59795569678339
1.36269405548414
1.17244213672175
1.05240729482644
0.984392800473460
0.989163739181419
1.04663057722042
1.15884124668779
1.30528401402449
1.49209896232622
1.70961039336182
1.95671335403599
2.22412270068903
2.50057183012483
2.78046404479219
3.05109190283357
3.29173053771618
3.48951600944462
3.63966088869283
3.73860251579445
3.77598988934576
3.77203918146857
3.72175816073661
3.62353491138356
3.48186339114275
3.30009332093677
3.08271750631834
2.83305288013637
2.57271881773429
2.29436186731771
2.02411322117500
1.74291816651523
1.49996496303976
1.28932350424755
1.12810013397468
1.02026414997232
0.978115336376223
0.980698066826854
1.03952792374680
1.14492245986983
1.28544469806573
1.47433997435686
1.69554469810077
1.95043692443970
2.22258226621062
2.51012185936880
2.78329892914327
3.04006274733620
3.26702182043643
3.45769587011866
3.60414290346923
3.70416041755570
3.76460439111659
3.77009944961960
3.74269599721792
3.66627004392207
3.55321787460235
3.39636152223112
3.20870790409199
2.98082150460229
2.73073781216285
2.46783221953415
2.20344814345974
1.93798092170803
1.68980429639743
1.46562277252464
1.28512223044567
1.13771166171940
1.04232478394912
0.997018464350739
1.00810275811246
1.05721166640564
1.15012206071964
1.28985554679188
1.46518885814980
1.67473299095756
1.90442590110697
2.15592428237664
2.41854703414576
2.68008528190940
2.92521119958145
3.15682437473517
3.36666413038336
3.52800820160324
3.65183390635379
3.73321489527837
3.76952476443534
3.76090506884066
3.71349736581794
3.63337283174669
3.50886553668050
3.35434568064880
3.16981851067925
2.95629819762392
2.71497464442405
2.46667982235478
2.20653295576462
1.94451251732927
1.69852493530131
1.47721117263137
1.29466357006976
1.14807831989708
1.05215355921987
1.00673952941740
1.00630907058689
1.04555303600706
1.12917144529805
1.24795059701988
1.40067730930550
1.59065977467575
1.80132641259612
2.03171217350499
2.27802226084823
2.52324639536173
2.76290008353295
2.99629504174553
3.21107571224507
3.40106520636737
3.55806593188295
3.67054456123815
3.73396863366289
3.76614843509549
3.74696967091192
3.69503664312347
3.60898708988058
3.50430296185580
3.35897453604394
3.18992290980261
2.98555679361140
2.76519735602105
2.52392983085390
2.27511634995558
2.02758534625044
1.78955779043304
1.56769864340325
1.37319801788125
1.21458931555532
1.09555892916958
1.02302533821457
0.991817218377897
1.00318843598856
1.05355219172193
1.13975440203879
1.25935896711081
1.41276721147344
1.58864743801766
1.79533068026381
2.02202253506774
2.26025604691441
2.50849611576238
2.75880821543174
2.98325983692502
3.19322934094731
3.38414969388845
3.53346528028223
3.65100826522485
3.73389730245474
3.76525085659353
3.77250587465680
3.74140310016883
3.66124192838124
3.56714903129008
3.45564435927037
3.30263289627342
3.12320800229957
2.93981376408645
2.72136180129966
2.48322433579605
2.24144890316208
2.01294211242080
1.78391853101823
1.57738132083304
1.39877635691593
1.24970961410283
1.12723450135048
1.04842190332047
1.00505327346339
1.01287328813599
1.05010815045369
1.12605002829840
1.23431798092196
1.37129045969115
1.52402492157216
1.71372960638782
1.91317324935583
2.13165886186944
2.36484354199594
2.59733379963023
2.82342545747017
3.04501200190197
3.23552520666361
3.40055838854297
3.54125594749772
3.64594227579011
3.71116220152914
3.74678970597337
3.75447558492687
3.72308571035996
3.66224597947301
3.58100992001551
3.47320280368450
3.33868414049473
3.17652818870261
2.99258962560243
2.79222366164632
2.57188259650210
2.33964577641279
2.11715938705717
1.89318748723072
1.67813559557657
1.49295539616991
1.33448289625919
1.19815602552874
1.09663431635661
1.03644078306470
1.00358253698276
1.00727728122812
1.05258315951407
1.13602289621976
1.23715148422460
1.36619573377450
1.51864099875431
1.69424258061912
1.87208217686061
2.08112430030622
2.30418335325592
2.52737117031044
2.74182293288285
2.96121103037683
3.15706851449099
3.32457458610699
3.46691910879048
3.58693597080650
3.66968027290298
3.72448631145725
3.74901633827991
3.74653818661311
3.70994057406927
3.65678699635033
3.56747043831146
3.45553455525292
3.32062286632259
3.16722742647433
2.98314491793681
2.79918412985573
2.59966182926035
2.39096910697110
2.17834688426790
1.97615297994560
1.77056615130100
1.58168453741070
1.41552896804292
1.27155633071574
1.15317020471637
1.07066210110501
1.03084409266022
1.02316756579581
1.04382945665607
1.09336823014550
1.17232456692814
1.27044145744676
1.38912033018119
1.53116223869054
1.69459877211011
1.87732020737654
2.07075058265359
2.27115943404961
2.48529895825059
2.69891998259259
2.90175698447429
3.08529244092839
3.25595155866468
3.40378748159103
3.52843453762513
3.62694423454853
3.70186046020630
3.74872924270381
3.76201797048843
3.74528131685777
3.70114125676500
3.63990720741823
3.55249482490185
3.44878198373119
3.32374490313011
3.17390412736368
3.00777278447136
2.83167400429554
2.63433779146226
2.43701803106677
2.22780359339694
2.02259011105509
1.82270529293643
1.63776586366374
1.46747782813880
1.32665994253257
1.20568871514922
1.11647077586919
1.05968467006344
1.02905013717718
1.03410800722941
1.06585422902094
1.11525001790423
1.18832362608168
1.28314002597914
1.39575605305595
1.53891264232106
1.69592691157103
1.86784488957549
2.05703886379001
2.25076972683654
2.43752006305877
2.63893228037672
2.82969898760565
3.00472121524843
3.18087138317562
3.32988561756577
3.44960810383577
3.55454127409658
3.63649447591427
3.67689797895006
3.70925715084939
3.71626056300173
3.70092476525755
3.66720064782760
3.61214509287567
3.53679981069981
3.44321505383209
3.32500078929994
3.18431505795304
3.03692492802431
2.86638810165029
2.68315687026660
2.49940133852725
2.30579248005942
2.10699578288527
1.92056091244604
1.74246748251758
1.56958966363681
1.42112284182045
1.29221865490846
1.18394825365079
1.10678453109764
1.05792650611969
1.03095117289216
1.03984727910592
1.06599753456472
1.11690033685956
1.18448517834460
1.28138197306564
1.38786277900791
1.51759765807083
1.65652635728190
1.81681441957496
1.98314400787720
2.16671403191304
2.34868247486622
2.54064552400979
2.72677345942186
2.90616680733012
3.06791071013639
3.22708052115424
3.35994058224958
3.47596639418284
3.56940882055109
3.65121981299044
3.69941700716217
3.72886730930420
3.73845675031812
3.72610191926673
3.68005884687511
3.61936431854112
3.54965660979595
3.45703958508538
3.34938104279025
3.22280633556795
3.09928929554814
2.94217476840751
2.77577356018734
2.60514879873589
2.44275766885673
2.25227451166368
2.06870098830867
1.90182691742915
1.73564782615475
1.56754311494710
1.42987572656312
1.30778866009539
1.19625295937112
1.11481994480350
1.06230314450991
1.03163276968031
1.02944463611481
1.05064456203441
1.09634556832894
1.15750817655839
1.23704050806366
1.33049464131825
1.43726369655597
1.55415730809149
1.69265778965819
1.83992350348592
1.99939919891762
2.16559773367061
2.34304489114306
2.52298373267937
2.70006461188295
2.87126994093847
3.03972418019919
3.18639670677146
3.31638212404169
3.42841960275236
3.52552293944077
3.60442362298388
3.66950000832005
3.70717450601106
3.72664044732231
3.72814888471867
3.70006329792921
3.65815037442042
3.60445894487355
3.53690662361908
3.45007247080319
3.35965096286903
3.24528245700854
3.12036398280504
2.97958378962430
2.82811551751236
2.66186643628110
2.49329651410591
2.31321877893491
2.13961480497672
1.97147988526458
1.81132357738799
1.65731448702110
1.52057546773529
1.39575522564113
1.28834172733757
1.19761455583582
1.13028008716532
1.08443521596019
1.06032930705831
1.05537904098983
1.06962001958911
1.09878382150761
1.15026099492138
1.21199925741978
1.29440361207724
1.39087463691292
1.50105516578438
1.62821445432579
1.76793901921154
1.90989721608629
2.06772798933952
2.23131156627072
2.38970409238504
2.54993812670882
2.72260560358008
2.87737130227280
3.02708516632051
3.16391822138992
3.29128001663861
3.39868524474620
3.49812268250872
3.57975158568739
3.64044478176266
3.68551711876458
3.70922103655787
3.71568581647246
3.70638370899447
3.68404472883569
3.64295867619707
3.58143898012431
3.51388689932225
3.43017711966404
3.33824773237897
3.22933869058192
3.11347032600220
2.98170114356336
2.84394460406447
2.69208934889406
2.54146541361608
2.38399700065855
2.21957638640065
2.06334855427315
1.91233708062300
1.75997279198025
1.62351401644368
1.50073369886367
1.37907166553680
1.28410699748087
1.20213429273319
1.13178710957100
1.08239081024605
1.06664295726983
1.05035723863858
1.07101932200940
1.10233511042835
1.14968656845550
1.19664488077603
1.27162177596224
1.34936472144509
1.44709347770870
1.55440716923423
1.68128163050997
1.80941880659654
1.95016014535421
2.09539572742536
2.24968661415840
2.39824548008683
2.55298752367879
2.69840714739636
2.84480561556223
2.98299371854570
3.11623491968757
3.23813721231605
3.34277257388502
3.44209959770740
3.51866278468663
3.58032480707157
3.62607863581062
3.66253113231434
3.67596325449220
3.67898009860253
3.66842114242621
3.64622596802929
3.61045580472987
3.56003367519437
3.49826448284599
3.42690863891754
3.34962965951141
3.25799137249073
3.16402254607440
3.04499859699755
2.92253301019232
2.78122649864363
2.63239243359275
2.48507173658211
2.34196413450634
2.18999949611936
2.04554651851199
1.91341305770776
1.76829626997063
1.63815232988976
1.52003515204882
1.41232862231425
1.31556934229266
1.23962174567499
1.17174890789714
1.12755313562745
1.09483758836421
1.07926919414160
1.07557440577010
1.09609295378816
1.11908709416354
1.16590123867968
1.21720018537016
1.28561280462844
1.36209978795317
1.44953196534333
1.54450344717585
1.65741889059038
1.77267268281974
1.90149764914026
2.04045040707434
2.17765308668301
2.31841794098577
2.46561664756612
2.60295346848268
2.73620718176167
2.87370565423456
3.00255977132505
3.12255324283992
3.23896184837041
3.34744092234600
3.43757509640203
3.51607719503605
3.57867255379235
3.62650917228706
3.66554832519214
3.68142254377243
3.68609147076410
3.68005778049791
3.66619466116399
3.63868371553676
3.60743864836398
3.56631794468606
3.51302407820959
3.44138124709505
3.35903865975376
3.26495823343031
3.16100708915335
3.05609091118685
2.94776984633400
2.82286805383810
2.69754372511499
2.56720097665914
2.42889638481272
2.28320748336635
2.14642859705433
2.01174000118052
1.88018152411103
1.75232674156594
1.63366626144790
1.51827660402548
1.41562908692175
1.32582962278187
1.24963030984473
1.18584654841263
1.14412599987469
1.10552749828828
1.08447061160256
1.07213076984491
1.07363736209734
1.09386934184124
1.12945445090808
1.17243026528122
1.23524523770317
1.31312900804009
1.38323096664109
1.47134567602980
1.56768043414468
1.66430668408252
1.77105690259096
1.88631625051070
2.00459672667695
2.12780080114189
2.25474370843381
2.38126409297426
2.51159660410874
2.63676728088406
2.76374121126068
2.89463595390208
3.01681333208997
3.12625037972942
3.23677017352144
3.32592954419369
3.40388964669752
3.48045246382754
3.54649459273567
3.59404348914157
3.64446651608170
3.66899585269540
3.67707669437968
3.67872877735840
3.67240777065098
3.64593852477261
3.62442589676094
3.59594610467664
3.54401631620790
3.49445714506381
3.43502408956533
3.36226993826450
3.27910410017696
3.19939025256795
3.10459755151141
3.00844498124355
2.90339365592715
2.79163385116233
2.67700864914736
2.55363037654432
2.41575881794208
2.28256132428510
2.15701480281561
2.02846182865916
1.89690271629758
1.78928568551185
1.68031096887824
1.57151972377943
1.47762390939051
1.40002104253550
1.31327269901283
1.24963036846184
1.19610614728224
1.14997314840912
1.11248633457828
1.10028989464231
1.09634395451590
1.10154540848983
1.11539195500558
1.14631385268881
1.18530782222704
1.22362086808741
1.27233827598497
1.33759532353253
1.40576061200995
1.48379520438443
1.56631634345339
1.66882774611341
1.77503993066933
1.87917461794525
1.99293354602814
2.11613523023460
2.22771678526906
2.34070410877853
2.46518259195350
2.57951058571715
2.69388012958750
2.81015863204951
2.92518684579284
3.03131676323496
3.13773951563595
3.23702122683373
3.33167588529788
3.40880966769723
3.47951786097654
3.53733629618365
3.58352009301277
3.61720731478887
3.64417872396928
3.65922683521774
3.67071963799880
3.66878024824005
3.66206413848443
3.64152117833427
3.62151700422827
3.57619407247032
3.53564849325058
3.47703968947799
3.41674538829523
3.35307591055679
3.28362846199539
3.20459548708352
3.12035953150713
3.04079424138868
2.94094615636860
2.84684758525878
2.74866040432075
2.64800137313545
2.52817896767299
2.41302923996819
2.29691578509210
2.17546083126042
2.06456255991455
1.95614854330133
1.84580216459606
1.73754203195386
1.63954925070891
1.53825882441347
1.44465249367442
1.36568725463245
1.29684145920734
1.24005118778345
1.19449095301230
1.16575663228425
1.13619778576300
1.11811820248274
1.10854030326403
1.10796634731563
1.11467443501910
1.14355168295869
1.17203455088746
1.20927119519403
1.25131552681367
1.31355873322616
1.36898704227210
1.43711693616661
1.50826309621686
1.58762776527068
1.66222403716038
1.75365175081484
1.84536995587555
1.94599238998528
2.05523282560827
2.16462138779884
2.26701658030694
2.37548211845004
2.48284145902508
2.58252460784861
2.68702280344973
2.79260225977323
2.89556612381145
2.99623797551488
3.09432869700399
3.18513489934869
3.27238973411478
3.35156829934040
3.41444648648193
3.47211949425249
3.52458698854433
3.56405505591131
3.59626934573336
3.62640103568227
3.64952990139348
3.65459384315531
3.65940639762470
3.64967361710547
3.63225515602481
3.60431392101369
3.58280156466092
3.54731923816692
3.50950358167220
3.46569123683991
3.41706782491458
3.35393769888326
3.28872692016866
3.22201008854977
3.14516986693590
3.06215667094497
2.98270077549890
2.89380621150137
2.80121720993415
2.70206365031416
2.59910967069873
2.48765238389619
2.38029290687596
2.28007977132349
2.18410744469588
2.08347508735007
1.98406772648955
1.88907853506222
1.79147248539101
1.69921742300849
1.61873592249077
1.53581860345693
1.45781923163715
1.38746352686287
1.32615068267202
1.27086663597418
1.23255290860028
1.19764799883288
1.16647422027397
1.14591900414378
1.12647623321462
1.11991158842311
1.12550765986801
1.13766838912165
1.15682452748707
1.18979167098720
1.21920781281546
1.25727023486950
1.30462507415924
1.36252923181042
1.42330455482016
1.48174829333640
1.55031233195914
1.62393809655120
1.69975643658677
1.78627047625337
1.88290510039203
1.97215184676880
2.06251518284696
2.15069394583550
2.23873321121149
2.33305665714247
2.43686060113362
2.52914583822549
2.62868751164408
2.72945444712973
2.83011799891013
2.92310370537770
3.01803022548965
3.10283678510644
3.18186602960207
3.25432699748747
3.31623304471477
3.38169590498709
3.43868596932667
3.48774106499571
3.52896819649300
3.56649685670241
3.59608953220840
3.61853573824637
3.62909445906883
3.64141309980771
3.64033567566313
3.63706745100563
3.62582624240145
3.61293314602559
3.58484860417112
3.56592230008850
3.53399558507505
3.49029058845578
3.44795083920640
3.40399616231329
3.34618100020852
3.29235276247020
3.23716234236092
3.17048312230660
3.09637379661505
3.02488781797948
2.94446343379361
2.85995020531395
2.76969683031685
2.68289337874057
2.59375925399603
2.49981849165081
2.39838179847115
2.30922431312621
2.21637364323617
2.12216242629032
2.02756068748908
1.94979464872300
1.85767778051336
1.77553967108242
1.68931439780929
1.60858227953058
1.53370065459382
1.46348710955740
1.40055763183411
1.34760399257474
1.29956671476442
1.25318047557853
1.22828383309118
1.19596166432250
1.17404309124546
1.16091361093794
1.15312925657344
1.14340776612263
1.15642960843680
1.16833939612257
1.18365716272082
1.20198828995511
1.22663324053852
1.25440015873681
1.29436496605587
1.33049126067925
1.38577643128643
1.44353804808706
1.49843149861534
1.55196298357749
1.61629478940262
1.68253169183418
1.75562398370877
1.82803681488662
1.90454260998887
1.99720044998656
2.07827042971661
2.16627061730816
2.24924840522532
2.33894141240608
2.43273235880733
2.51651020395992
2.59993345778798
2.69057439732906
2.78053771880982
2.84835436358149
2.94284865901583
3.02488797125677
3.10897702407270
3.18046589233811
3.25497260185177
3.31088207515279
3.36140608856832
3.40934647148718
3.46059177068330
3.49359435048735
3.53083551742128
3.56466519626570
3.58208308310077
3.59810075478010
3.61523150758177
3.62291717027471
3.62607761791422
3.63688784175409
3.62909441465975
3.61663235183290
3.59950141609719
3.57676826661622
3.53636601683198
3.49747285276612
3.46554722275026
3.42705003671035
3.38499872049691
3.33774195477969
3.29127594790953
3.24046564827335
3.18114660803396
3.11759276091526
3.05497489286362
2.99020389299192
2.91268952820103
2.83779853439319
2.76711056692770
2.69495351537969
2.61307043182792
2.53679061183655
2.45491393182094
2.36948662453161
2.28897960572772
2.20449256761330
2.11839364041061
2.03201133695718
1.94631418994471
1.86539188078308
1.78558612968240
1.71260057898518
1.64743971296810
1.58256831175292
1.51608363352121
1.45875047407509
1.40690751385610
1.35926318149510
1.31438286675832
1.27836422662468
1.24345866344585
1.21292989587718
1.18365712096921
1.16188237484219
1.14738968271046
1.14670810219917
1.14602652145696
1.15725468734083
1.18024913934398
1.20076864152908
1.22103716226095
1.24661512821236
1.27316213558948
1.29970954548011
1.33407835131867
1.36801684280544
1.40701455480712
1.45641794255779
1.50596560018532
1.55619642884826
1.61518268778395