0.00000
0.57344
2.07126
3.92030
5.41742
5.99688
5.44304
3.96882
2.13220
0.62390
0.00765
0.51052
1.94094
3.76336
5.29985
5.98235
5.56174
4.19711
2.39396
0.81583
0.03993
0.34691
1.62090
3.39486
5.02298
5.91605
5.75399
4.59906
2.87042
1.19075
0.16150
0.14817
1.15182
2.81164
4.53598
5.71382
5.93086
5.11406
3.55458
1.80261
0.47254
0.02771
0.62000
2.03956
3.79055
5.26521
5.95489
5.62461
4.39173
2.68281
1.08496
0.14389
0.17813
1.17246
2.78581
4.46943
5.65403
5.94195
5.23959
3.78636
2.07180
0.66989
0.04699
0.40752
1.62819
3.30152
4.87281
5.82430
5.84517
4.93199
3.38728
1.71820
0.46948
0.04586
0.58186
1.90034
3.57233
5.05738
5.87838
5.77421
4.78161
3.22106
1.59225
0.41364
0.05773
0.63424
1.95755
3.60766
5.06425
5.87078
5.77703
4.81559
3.28944
1.67542
0.47487
0.05809
0.55100
1.79828
3.41347
4.89943
5.80155
5.84632
5.02322
3.58584
1.97271
0.67300
0.07827
0.36525
1.44436
2.98882
4.53442
5.61932
5.92180
5.35476
4.08969
2.50375
1.06672
0.20166
0.16092
0.95342
2.34404
3.92430
5.23286
5.89012
5.70774
4.74163
3.27377
1.72911
0.55218
0.07935
0.44339
1.53724
3.04643
4.54024
5.59486
5.91334
5.40843
4.22546
2.69960
1.26022
0.30996
0.11243
0.71992
1.96052
3.48772
4.87770
5.74708
5.85818
5.18327
3.91040
2.39017
1.03869
0.22359
0.16451
0.87468
2.15904
3.66864
4.99590
5.78467
5.82537
5.10988
3.83203
2.33437
1.01581
0.22543
0.17043
0.86260
2.11685
3.60141
4.92610
5.74486
5.84582
5.20532
3.99258
2.52421
1.18107
0.30945
0.13211
0.69205
1.84297
3.28823
4.65781
5.60318
5.88567
5.43611
4.37094
2.96130
1.56345
0.52860
0.11483
0.42334
1.37447
2.72899
4.14886
5.28188
5.84886
5.71199
4.90759
3.63573
2.20990
0.97938
0.24369
0.18013
0.80162
1.95501
3.35941
4.67504
5.58553
5.87368
5.47277
4.48119
3.13771
1.76341
0.68480
0.15635
0.30097
1.08204
2.31337
3.70413
4.92788
5.69917
5.83979
5.31935
4.26115
2.91233
1.58576
0.58728
0.14542
0.35957
1.17822
2.41203
3.77811
4.96515
5.70436
5.82998
5.31591
4.28042
2.95842
1.64768
0.64171
0.16415
0.31950
1.07085
2.24923
3.59212
4.80222
5.61328
5.84841
5.45816
4.53028
3.26949
1.95182
0.86402
0.24126
0.21662
0.79319
1.84449
3.14269
4.40837
5.37074
5.82539
5.67735
4.96033
3.82855
2.52308
1.32024
0.47307
0.15832
0.44001
1.25699
2.43667
3.73196
4.87321
5.62433
5.83137
5.45361
4.57104
3.36692
2.08935
0.99996
0.32040
0.18754
0.62634
1.54570
2.75787
4.01711
5.06969
5.70491
5.79700
5.32958
4.39800
3.18947
1.94509
0.91162
0.29263
0.20871
0.67437
1.59610
2.79158
4.02603
5.05851
5.68881
5.79604
5.36138
4.47088
3.29800
2.06951
1.02150
0.35405
0.19332
0.56807
1.40499
2.54346
3.76671
4.84326
5.57067
5.81339
5.52768
4.76902
3.68095
2.46754
1.35497
0.54934
0.19868
0.36606
1.01870
2.03474
3.22639
4.37483
5.27043
5.75093
5.73050
5.21473
4.29884
3.14973
1.97535
0.98693
0.36107
0.20843
0.55449
1.33573
2.41163
3.59029
4.66274
5.44004
5.78638
5.64250
5.03546
4.07322
2.92507
1.79168
0.86994
0.31886
0.23239
0.62370
1.42362
2.49318
3.64802
4.69031
5.44262
5.77795
5.64090
5.05647
4.12517
3.00543
1.88644
0.95614
0.36971
0.22390
0.54139
1.26759
2.28038
3.41088
4.47177
5.28836
5.72717
5.71760
5.26288
4.43902
3.38173
2.26392
1.26726
0.55271
0.23468
0.36294
0.91519
1.80121
2.87786
3.97241
4.91033
5.54304
5.77128
5.56045
4.94550
4.02486
2.94445
1.87437
0.98208
0.40626
0.23545
0.49467
1.14211
2.07610
3.15134
4.20167
5.06572
5.61169
5.75724
5.48165
4.82848
3.89843
2.83354
1.79543
0.94069
0.39734
0.24584
0.50744
1.14146
2.05186
3.10207
4.13555
4.99917
5.56587
5.75316
5.53489
4.94465
4.07034
3.04085
2.00694
1.11911
0.50574
0.25464
0.40076
0.92152
1.74058
2.73922
3.77371
4.69608
5.37522
5.71544
5.66972
5.24598
4.50554
3.55396
2.52589
1.56590
0.80815
0.35773
0.27626
0.57368
1.20730
2.08813
3.09358
4.08462
4.92505
5.50015
5.73221
5.59083
5.09669
4.31828
3.36225
2.35865
1.44313
0.73871
0.33924
0.29714
0.61670
1.25390
2.12267
3.10670
4.07511
4.89986
5.47266
5.71903
5.60784
5.15502
4.42107
3.50282
2.52050
1.60193
0.86591
0.40691
0.28309
0.50911
1.05465
1.84858
2.78850
3.75398
4.62206
5.28292
5.65361
5.68841
5.38418
4.78048
3.95421
3.00970
2.06540
1.23903
0.63293
0.32146
0.34209
0.69101
1.32397
2.16207
3.10171
4.02748
4.82637
5.40152
5.68384
5.64021
5.27714
4.63967
3.80563
2.87603
1.96269
1.17484
0.60606
0.32325
0.35894
0.70770
1.32709
2.14298
3.05854
3.96585
4.75858
5.34444
5.65588
5.65766
5.35075
4.77189
3.98903
3.09327
2.18813
1.37758
0.75414
0.38837
0.32100
0.55857
1.07296
1.80485
2.67069
3.57236
4.40828
5.08487
5.52695
5.68603
5.54545
5.12196
4.46365
3.64428
2.75499
1.89404
1.15601
0.62140
0.34795
0.36455
0.66828
1.22504
1.97347
2.83186
3.70710
4.50485
5.13965
5.54405
5.67565
5.52144
5.09893
4.45403
3.65596
2.78971
1.94697
1.21638
0.67427
0.37675
0.35400
0.60735
1.10939
1.80702
2.62722
3.48471
4.29091
4.96303
5.43256
5.65218
5.60038
5.28348
4.73471
4.01069
3.18539
2.34262
1.56740
0.93746
0.51548
0.34292
0.43607
0.78465
1.35301
2.08392
2.90441
3.73310
4.48829
5.09601
5.49719
5.65336
5.55021
5.19875
4.63411
3.91185
3.10245
2.28439
1.53650
0.93039
0.52363
0.35437
0.43788
0.76523
1.30440
2.00348
2.79574
3.60607
4.35811
4.98145
5.41815
5.62809
5.59256
5.31579
4.82439
4.16471
3.39838
2.59647
1.83291
1.17766
0.69031
0.41479
0.37539
0.57480
0.99403
1.59427
2.32060
3.10706
3.88270
4.57796
5.13089
5.49265
5.63173
5.53660
5.21659
4.70089
4.03578
3.28043
2.50157
1.76762
1.14261
0.68071
0.42152
0.38680
0.57871
0.97978
1.55461
2.25302
3.01454
3.77366
4.46545
5.03116
5.42308
5.60860
5.57277
5.31947
4.87090
4.26555
3.55485
2.79875
2.06062
1.40196
0.87727
0.52960
0.38707
0.46069
0.74356
1.21161
1.82573
2.53506
3.28130
4.00347
4.64293
5.14811
5.47863
5.60845
5.52787
5.24418
4.78090
4.17580
3.47773
2.74267
2.02919
1.39378
0.88643
0.54670
0.40071
0.45919
0.71679
1.15259
1.73191
2.40907
3.13112
3.84189
4.48648
5.01540
5.38836
5.57733
5.56851
5.36334
4.97822
4.44314
3.79930
3.09589
2.38631
1.72409
1.15887
0.73272
0.47703
0.41024
0.53663
0.84604
1.31483
1.90768
2.58031
3.28284
3.96350
4.57244
5.06534
5.40666
5.57211
5.55031
5.34358
4.96757
4.45008
3.82893
3.14915
2.45971
1.80998
1.24619
0.80815
0.52651
0.42065
0.49737
0.75057
1.16175
1.70143
2.33128
3.00693
3.68106
4.30676
4.84076
5.24641
5.49615
5.57336
5.47339
5.20376
4.78361
4.24221
3.61694
2.95066
2.28875
1.67601
1.15366
0.75656
0.51094
0.43270
0.52645
0.78526
1.19126
1.71689
2.32682
2.98038
3.63423
4.24530
4.77358
5.18475
5.45235
5.55945
5.49970
5.27762
4.90821
4.41595
3.83306
3.19743
2.55009
1.93258
1.38427
0.93987
0.62729
0.46588
0.46527
0.62491
0.93409
1.37281
1.91302
2.52048
3.15699
3.78273
4.35881
4.84968
5.22525
5.46276
5.54810
5.47659
5.25323
4.89226
4.41627
3.85470
3.24203
2.61561
2.01342
1.47172
1.02293
0.69366
0.50321
0.46244
0.57322
0.82836
1.21216
1.70137
2.26664
2.87432
3.48847
4.07299
4.59372
5.02045
5.32866
5.50083
5.52751
5.40769
5.14887
4.76650
4.28306
3.72669
3.12956
2.52593
1.95027
1.43520
1.00974
0.69765
0.51611
0.47488
0.57572
0.81245
1.17127
1.63170
2.16767
2.74909
3.34355
3.91807
4.44102
4.88378
5.22231
5.43845
5.52083
5.46548
5.27593
4.96300
4.54412
4.04236
3.48512
2.90261
2.32623
1.78685
1.31316
0.93021
0.65801
0.51061
0.49534
0.61251
0.85542
1.21081
1.65959
2.17790
2.73837
3.31163
3.86780
4.37806
4.81619
5.15980
5.39155
5.49995
5.47990
5.33293
5.06703
4.69619
4.23969
3.72100
3.16662
2.60468
2.06352
1.57026
1.14945
0.82189
0.60355
0.50491
0.53039
0.67828
0.94077
1.30448
1.75112
2.25841
2.80128
3.35302
3.88670
4.37640
4.79850
5.13281
5.36350
5.47985
5.47669
5.35463
5.11997
4.78437
4.36420
3.87978
3.35435
2.81294
2.28121
1.78418
1.34509
0.98432
0.71847
0.55958
0.51466
0.58536
0.76795
1.05355
1.42859
1.87544
2.37329
2.89911
3.42874
3.93798
4.40373
4.80497
5.12378
5.34604
5.46209
5.46711
5.36131
5.14985
4.84259
4.45360
4.00052
3.50370
2.98534
2.46842
1.97573
1.52888
1.14729
0.84744
0.64211
0.53989
0.54484
0.65634
0.86914
1.17366
1.55643
2.00069
2.48714
2.99479
3.50188
3.98681
4.42904
4.80998
5.11374
5.32779
5.44346
5.45627
5.36607
5.17702
4.89741
4.53921
4.11762
3.65035
3.15690
2.65774
2.17344
1.72384
1.32722
0.99960
0.75408
0.60034
0.54427
0.58777
0.72869
0.96099
1.27497
1.65770
2.09360
2.56504
3.05310
3.53829
4.00137
4.42410
4.78992
5.08464
5.29694
5.41881
5.44582
5.37729
5.21624
4.96929
4.64636
4.26022
3.82603
3.36070
2.88222
2.40899
1.95910
1.54963
1.19601
0.91146
0.70651
0.58860
0.56185
0.62690
0.78098
1.01796
1.32867
1.70123
2.12155
2.57383
3.04119
3.50632
3.95206
4.36209
4.72150
5.01731
5.23898
5.37869
5.43169
5.39637
5.27437
5.07041
4.79217
4.44992
4.05620
3.62529
3.17271
2.71469
2.26751
1.84699
1.46791
1.14349
0.88495
0.70112
0.59815
0.57935
0.64503
0.79260
1.01661
1.30900
1.65940
2.05551
2.48351
2.92859
3.37542
3.80874
4.21380
4.57695
4.88601
5.13072
5.30305
5.39749
5.41114
5.34386
5.19822
4.97937
4.69490
4.35451
3.96972
3.55342
3.11949
2.68230
2.25622
1.85519
1.49224
1.17906
0.92568
0.74009
0.62805
0.59291
0.63550
0.75416
0.94477
1.20096
1.51428
1.87451
2.27001
2.68809
3.11539
3.53840
3.94376
4.31881
4.65188
4.93269
5.15267
5.30520
5.38579
5.39221
5.32454
5.18518
4.97867
4.71164
4.39251
4.03125
3.63905
3.22798
2.81062
2.39965
2.00748
1.64588
1.32562
1.05618
0.84544
0.69948
0.62240
0.61624
0.68091
0.81422
1.01196
1.26806
1.57474
1.92281
2.30190
2.70082
3.10785
3.51111
3.89890
4.26006
4.58425
4.86225
5.08625
5.25002
5.34911
5.38093
5.34483
5.24210
5.07591
4.85121
4.57457
4.25399
3.89865
3.51865
3.12472
2.72792
2.33931
1.96966
1.62916
1.32711
1.07170
0.86979
0.72672
0.64619
0.63016
0.67882
0.79060
0.96222
1.18880
1.46399
1.78020
2.12874
2.50014
2.88436
3.27108
3.64997
4.01097
4.34459
4.64208
4.89572
5.09899
5.24675
5.33531
5.36260
5.32813
5.23304
5.08004
4.87331
4.61842
4.32213
3.99224
3.63735
3.26666
2.88973
2.51619
2.15556
1.81693
1.50883
1.23892
1.01387
0.83917
0.71902
0.65623
0.65214
0.70662
0.81811
0.98361
1.19880
1.45819
1.75520
2.08238
2.43158
2.79417
3.16122
3.52377
3.87303
4.20055
4.49850
4.75979
4.97826
5.14883
5.26758
5.33186
5.34036
5.29309
5.19138
5.03785
4.83634
4.59179
4.31012
3.99811
3.66317
3.31324
2.95654
2.60140
2.25608
1.92853
1.62626
1.35616
1.12431
0.93590
0.79507
0.70487
0.66716
0.68258
0.75060
0.86946
1.03628
1.24713
1.49707
1.78037
2.09053
2.42053
2.76294
3.11009
3.45426
3.78784
4.10351
4.39437
4.65412
4.87720
5.05885
5.19527
5.28366
5.32228
5.31049
5.24874
5.13855
4.98247
4.78405
4.54769
4.27860
3.98265
3.66624
3.33616
2.99948
2.66332
2.33479
2.02076
1.72779
1.46191
1.22859
1.03257
0.87778
0.76728
0.70318
0.68664
0.71781
0.79587
0.91903
1.08459
1.28903
1.52801
1.79655
2.08908
2.39959
2.72175
3.04901
3.37478
3.69253
3.99594
4.27899
4.53614
4.76237
4.95331
5.10533
5.21557
5.28203
5.30355
5.27991
5.21173
5.10051
4.94858
4.75906
4.53575
4.28311
4.00611
3.71019
3.40109
3.08480
2.76737
2.45487
2.15322
1.86810
1.60486
1.36837
1.16300
0.99248
0.85989
0.76755
0.71704
0.70914
0.74382
0.82030
0.93698
1.09156
1.28104
1.50182
1.74972
2.02010
2.30794
2.60794
2.91459
3.22232
3.52555
3.81883
4.09691
4.35488
4.58817
4.79271
4.96496
5.10200
5.20150
5.26187
5.28217
5.26221
5.20250
5.10423
4.96927
4.80013
4.59987
4.37211
4.12090
3.85068
3.56619
3.27239
2.97436
2.67723
2.38608
2.10587
1.84132
1.59686
1.37657
1.18408
1.02253
0.89452
0.80208
0.74661
0.72891
0.74912
0.80676
0.90073
1.02933
1.19031
1.38088
1.59780
1.83739
2.09566
2.36830
2.65081
2.93857
3.22688
3.51107
3.78657
4.04896
4.29407
4.51805
4.71739
4.88899
5.03023
5.13898
5.21365
5.25317
5.25707
5.22541
5.15883
5.05851
4.92616
4.76394
4.57452
4.36093
4.12659
3.87518
3.61067
3.33716
3.05891
2.78018
2.50524
2.23828
1.98332
1.74418
1.52444
1.32734
1.15575
1.01217
0.89865
0.81676
0.76761
0.75181
0.76946
0.82017
0.90307
1.01680
1.15957
1.32918
1.52302
1.73818
1.97142
2.21928
2.47810
2.74408
3.01335
3.28202
3.54620
3.80213
4.04617
4.27487
4.48503
4.67373
4.83837
4.97670
5.08689
5.16747
5.21742
5.23618
5.22358
5.17994
5.10597
5.00282
4.87204
4.71555
4.53560
4.33476
4.11588
3.88204
3.63648
3.38262
3.12393
2.86397
2.60624
2.35425
2.11137
1.88083
1.66568
1.46876
1.29263
1.13955
1.01148
0.91002
0.83642
0.79154
0.77587
0.78949
0.83212
0.90309
1.00135
1.12553
1.27390
1.44446
1.63489
1.84267
2.06504
2.29910
2.54179
2.78996
3.04044
3.29001
3.53551
3.77383
4.00199
4.21714
4.41663
4.59800
4.75904
4.89783
5.01271
5.10234
5.16572
5.20214
5.21127
5.19310
5.14795
5.07649
4.97969
4.85884
4.71549
4.55149
4.36890
4.17001
3.95729
3.73335
3.50094
3.26287
3.02203
2.78129
2.54354
2.31158
2.08815
1.87587
1.67719
1.49442
1.32963
1.18469
1.06122
0.96058
0.88386
0.83186
0.80508
0.80374
0.82775
0.87675
0.95006
1.04677
1.16566
1.30530
1.46403
1.63995
1.83101
2.03500
2.24955
2.47222
2.70047
2.93172
3.16338
3.39285
3.61760
3.83514
4.04309
4.23920
4.42134
4.58757
4.73611
4.86542
4.97415
5.06119
5.12569
5.16703
5.18485
5.17905
5.14978
5.09745
5.02270
4.92644
4.80975
4.67398
4.52062
4.35139
4.16812
3.97281
3.76756
3.55457
3.33609
3.11444
2.89194
2.67092
2.45365
2.24238
2.03926
1.84637
1.66565
1.49891
1.34780
1.21381
1.09823
1.00218
0.92655
0.87203
0.83909
0.82798
0.83872
0.87113
0.92480
0.99910
1.09322
1.20615
1.33670
1.48350
1.64504
1.81967
2.00563
2.20105
2.40399
2.61242
2.82430
3.03756
3.25013
3.45994
3.66500
3.86333
4.05307
4.23243
4.39972
4.55341
4.69208
4.81447
4.91949
5.00621
5.07388
5.12194
5.15001
5.15791
5.14564
5.11340
5.06155
4.99066
4.90146
4.79483
4.67184
4.53367
4.38166
4.21723
4.04195
3.85746
3.66546
3.46772
3.26606
3.06232
2.85833
2.65592
2.45692
2.26308
2.07612
1.89766
1.72928
1.57241
1.42840
1.29848
1.18373
1.08510
1.00339
0.93926
0.89319
0.86551
0.85640
0.86587
0.89375
0.93974
1.00337
1.08403
1.18096
1.29328
1.41996
1.55987
1.71178
1.87435
2.04617
2.22576
2.41157
2.60203
2.79552
2.99041
3.18509
3.37792
3.56732
3.75174
3.92967
4.09967
4.26038
4.41051
4.54889
4.67441
4.78612
4.88316
4.96480
5.03043
5.07960
5.11196
5.12733
5.12564
5.10697
5.07155
5.01971
4.95193
4.86880
4.77105
4.65950
4.53508
4.39882
4.25182
4.09528
3.93045
3.75866
3.58124
3.39961
3.21517
3.02937
2.84363
2.65937
2.47801
2.30091
2.12940
1.96477
1.80824
1.66096
1.52401
1.39837
1.28495
1.18455
1.09787
1.02550
0.96793
0.92553
0.89855
0.88713
0.89130
0.91097
0.94593
0.99587
1.06036
1.13889
1.23081
1.33543
1.45192
1.57941
1.71692
1.86345
2.01789
2.17912
2.34595
2.51718
2.69157
2.86788
3.04485
3.22122
3.39577
3.56727
3.73452
3.89639
4.05175
4.19955
4.33880
4.46856
4.58797
4.69625
4.79270
4.87669
4.94771
5.00532
5.04917
5.07902
5.09473
5.09623
5.08358
5.05692
5.01647
4.96256
4.89561
4.81611
4.72464
4.62185
4.50848
4.38530
4.25318
4.11301
3.96575
3.81238
3.65395
3.49150
3.32610
3.15884
2.99081
2.82310
2.65680
2.49296
2.33262
2.17682
2.02651
1.88264
1.74610
1.61773
1.49830
1.38855
1.28912
1.20060
1.12351
1.05828
1.00527
0.96477
0.93698
0.92202
0.91994
0.93071
0.95420
0.99022
1.03850
1.09870
1.17041
1.25315
1.34636
1.44945
1.56176
1.68256
1.81111
1.94659
2.08817
2.23498
2.38613
2.54069
2.69773
2.85632
3.01552
3.17437
3.33196
3.48735
3.63965
3.78797
3.93147
4.06934
4.20079
4.32508
4.44154
4.54951
4.64840
4.73770
4.81691
4.88563
4.94351
4.99025
5.02565
5.04953
5.06181
5.06247
5.05155
5.02915
4.99544
4.95065
4.89508
4.82907
4.75304
4.66743
4.57277
4.46960
4.35853
4.24019
4.11526
3.98445
3.84848
3.70813
3.56416
3.41736
3.26855
3.11852
2.96809
2.81807
2.66925
2.52242
2.37836
2.23782
2.10153
1.97019
1.84448
1.72503
1.61245
1.50731
1.41011
1.32134
1.24142
1.17074
1.10963
1.05836
1.01716
0.98620
0.96560
0.95543
0.95571
0.96638
0.98735
1.01848
1.05957
1.11038
1.17061
1.23992
1.31794
1.40423
1.49834
1.59977
1.70799
1.82242
1.94250
2.06759
2.19708
2.33030
2.46658
2.60526
2.74565
2.88705
3.02878
3.17015
3.31048
3.44909
3.58534
3.71857
3.84815
3.97350
4.09401
4.20914
4.31837
4.42120
4.51717
4.60586
4.68687
4.75985
4.82451
4.88056
4.92778
4.96598
4.99502
5.01481
5.02529
5.02644
5.01829
5.00092
4.97445
4.93903
4.89485
4.84214
4.78119
4.71230
4.63580
4.55208
4.46153
4.36459
4.26171
4.15337
4.04008
3.92236
3.80075
3.67579
3.54806
3.41812
3.28655
3.15393
3.02084
2.88788
2.75560
2.62459
2.49541
2.36860
2.24470
2.12423
2.00770
1.89559
1.78836
1.68644
1.59025
1.50018
1.41658
1.33977
1.27006
1.20771
1.15295
1.10599
1.06698
1.03606
1.01333
0.99885
0.99264
0.99471
1.00500
1.02345
1.04995
1.08437
1.12652
1.17621
1.23321
1.29726
1.36807
1.44533
1.52872
1.61786
1.71239
1.81190
1.91598
2.02419
2.13610
