0.01610
0.02556
0.05676
0.10483
0.14862
0.16628
0.16094
0.13420
0.08980
0.04967
0.02884
0.03368
0.06065
0.10475
0.14462
0.16605
0.16201
0.13840
0.09815
0.05550
0.03109
0.03105
0.05634
0.09624
0.13748
0.16552
0.16521
0.14584
0.10971
0.06702
0.03571
0.02926
0.04913
0.08190
0.12470
0.15808
0.16861
0.15709
0.12413
0.08568
0.04566
0.02907
0.03700
0.06359
0.10647
0.14622
0.16552
0.16418
0.14374
0.10487
0.06424
0.03323
0.03021
0.04616
0.08183
0.12543
0.15591
0.16815
0.15827
0.12943
0.08858
0.05013
0.03132
0.03395
0.05802
0.09357
0.13546
0.15987
0.16575
0.15125
0.12112
0.08041
0.04459
0.02872
0.03559
0.06210
0.10250
0.13931
0.16392
0.16499
0.14942
0.11566
0.07664
0.04379
0.02949
0.03780
0.06325
0.10101
0.14011
0.16403
0.16613
0.15102
0.12020
0.07950
0.04406
0.02823
0.03395
0.06168
0.09705
0.13466
0.15987
0.16636
0.15293
0.12604
0.08827
0.05028
0.03128
0.03395
0.05539
0.08705
0.12512
0.15697
0.16624
0.15930
0.13557
0.09956
0.06203
0.03494
0.02983
0.04211
0.07126
0.11120
0.14622
0.16346
0.16468
0.14805
0.11784
0.07946
0.04841
0.03269
0.03426
0.05634
0.08823
0.12592
0.15598
0.16586
0.16079
0.13954
0.10555
0.06908
0.04040
0.02983
0.03960
0.06500
0.09933
0.13645
0.15945
0.16628
0.15739
0.13275
0.09872
0.06180
0.03735
0.02800
0.04192
0.07038
0.10334
0.13798
0.16083
0.16632
0.15461
0.12985
0.09449
0.05924
0.03796
0.03136
0.04181
0.06859
0.10185
0.13821
0.16182
0.16380
0.15640
0.13218
0.09899
0.06504
0.03788
0.03052
0.04017
0.06294
0.09521
0.13039
0.15503
0.16579
0.16209
0.14130
0.11093
0.07618
0.04608
0.03201
0.03468
0.05371
0.08224
0.11589
0.14603
0.16346
0.16376
0.15106
0.12608
0.09171
0.06062
0.03632
0.03181
0.04211
0.06302
0.09876
0.12897
0.15701
0.16430
0.16125
0.14244
0.11524
0.08137
0.05020
0.03456
0.03395
0.04669
0.07271
0.10544
0.13634
0.16033
0.16533
0.15930
0.13878
0.11002
0.07652
0.04852
0.03132
0.03399
0.04887
0.07263
0.10571
0.13641
0.15724
0.16411
0.15900
0.13931
0.11055
0.08011
0.05058
0.03536
0.03201
0.04673
0.06989
0.10139
0.13477
0.15686
0.16636
0.16262
0.14313
0.11921
0.08694
0.05634
0.03716
0.03292
0.04078
0.06077
0.09132
0.12264
0.15015
0.16376
0.16495
0.15282
0.13126
0.10025
0.06927
0.04452
0.03212
0.03586
0.05112
0.07694
0.10628
0.13432
0.15587
0.16304
0.16136
0.14420
0.12051
0.08842
0.06126
0.03963
0.03059
0.03750
0.05527
0.08221
0.11337
0.14191
0.16087
0.16453
0.15896
0.14187
0.11387
0.08732
0.05749
0.03880
0.03273
0.03952
0.05745
0.08308
0.11177
0.14126
0.15854
0.16666
0.15892
0.14389
0.11906
0.08896
0.06088
0.04005
0.03380
0.03815
0.05329
0.07706
0.10792
0.13550
0.15579
0.16479
0.16125
0.14755
0.12791
0.09949
0.06989
0.04696
0.03414
0.03639
0.04566
0.06607
0.09262
0.12253
0.14629
0.16262
0.16449
0.15610
0.13931
0.11681
0.08850
0.05806
0.04051
0.03422
0.03685
0.05241
0.07477
0.10189
0.12867
0.15099
0.16171
0.16338
0.15511
0.13599
0.10933
0.08373
0.05642
0.03811
0.03426
0.03910
0.05409
0.07759
0.10490
0.13077
0.15068
0.16426
0.16148
0.15343
0.13603
0.11169
0.08400
0.05924
0.04013
0.03483
0.03677
0.04929
0.07351
0.09628
0.12508
0.14786
0.16186
0.16232
0.15831
0.14168
0.12039
0.09205
0.06439
0.04692
0.03620
0.03460
0.04536
0.06050
0.08701
0.11208
0.13725
0.15644
0.16140
0.16026
0.15301
0.13390
0.11089
0.08217
0.06016
0.04131
0.03410
0.03471
0.04841
0.06916
0.09258
0.11898
0.14175
0.15682
0.16293
0.15915
0.14946
0.13100
0.10544
0.08251
0.05920
0.04139
0.03273
0.03880
0.04814
0.06767
0.09148
0.11631
0.14057
0.15533
0.16399
0.16014
0.14969
0.13493
0.11028
0.08736
0.06329
0.04436
0.03506
0.03513
0.04536
0.06359
0.08255
0.10822
0.13180
0.15041
0.15923
0.16151
0.15762
0.14389
0.12218
0.10036
0.07652
0.05253
0.03830
0.03494
0.03777
0.05199
0.06714
0.09132
0.11700
0.13702
0.15625
0.16270
0.16029
0.15293
0.13771
0.11864
0.09495
0.07267
0.05085
0.03990
0.03445
0.03796
0.05142
0.06821
0.08991
0.11440
0.13428
0.15179
0.16197
0.16319
0.15560
0.14103
0.12260
0.09850
0.07530
0.05642
0.04261
0.03647
0.03693
0.04669
0.06271
0.08400
0.10811
0.12840
0.14763
0.16056
0.16205
0.15694
0.14679
0.13180
0.11051
0.08835
0.06565
0.04921
0.03746
0.03529
0.03956
0.05207
0.07019
0.09117
0.11444
0.13489
0.14885
0.15911
0.16171
0.15678
0.14454
0.12909
0.10853
0.08511
0.06474
0.04723
0.03674
0.03624
0.04120
0.05497
0.07164
0.09071
0.11440
0.13523
0.15045
0.16010
0.16273
0.15625
0.14580
0.13165
0.11211
0.08953
0.06908
0.05058
0.03922
0.03506
0.03876
0.04787
0.06073
0.08190
0.10376
0.12417
0.14198
0.15572
0.16140
0.15991
0.15545
0.14225
0.12447
0.10632
0.08335
0.06157
0.04742
0.04120
0.03696
0.03963
0.05028
0.06512
0.08514
0.10826
0.12787
0.14408
0.15659
0.16247
0.16125
0.15079
0.14118
0.12478
0.10517
0.08724
0.06519
0.04925
0.03937
0.03658
0.03941
0.05032
0.06271
0.08057
0.10208
0.11990
0.13943
0.15270
0.16041
0.16075
0.15396
0.14835
0.13351
0.11284
0.09441
0.07439
0.05661
0.04414
0.03681
0.03716
0.04250
0.05280
0.07076
0.08656
0.10902
0.12657
0.14446
0.15408
0.16064
0.16006
0.15388
0.14473
0.13077
0.11150
0.09285
0.07362
0.05611
0.04597
0.03864
0.03742
0.04234
0.05413
0.06813
0.08362
0.10624
0.12207
0.14141
0.15091
0.16163
0.16060
0.15774
0.14641
0.13485
0.12028
0.10036
0.08060
0.06248
0.04932
0.04147
0.03754
0.04070
0.04860
0.05871
0.07557
0.09201
0.11070
0.12917
0.14355
0.15640
0.15877
0.15995
0.15606
0.14538
0.13180
0.11566
0.09880
0.07858
0.06321
0.04879
0.04128
0.03803
0.04097
0.04726
0.05901
0.07454
0.09102
0.10841
0.12749
0.14076
0.15221
0.15896
0.15869
0.15598
0.14961
0.13702
0.12241
0.10254
0.08904
0.06901
0.05451
0.04295
0.03769
0.03868
0.04410
0.05272
0.06371
0.08034
0.09548
0.11467
0.13111
0.14507
0.15369
0.15812
0.15900
0.15671
0.14652
0.13565
0.12119
0.10532
0.08583
0.07019
0.05409
0.04360
0.04044
0.03860
0.04200
0.05032
0.06241
0.07759
0.09220
0.11116
0.12657
0.14359
0.15255
0.15739
0.15911
0.15778
0.15041
0.14126
0.12875
0.11368
0.09556
0.07645
0.06256
0.04997
0.04150
0.03704
0.03860
0.04627
0.05451
0.06653
0.08156
0.09808
0.11318
0.12943
0.14320
0.15125
0.15709
0.16075
0.15537
0.14931
0.14183
0.12932
0.11436
0.09541
0.08060
0.06584
0.05329
0.04421
0.03780
0.03876
0.04246
0.05127
0.06210
0.07507
0.09106
0.10609
0.12379
0.13779
0.14748
0.15682
0.15938
0.15865
0.15659
0.14668
0.13584
0.12138
0.10857
0.09216
0.07595
0.06432
0.04883
0.04349
0.03963
0.03899
0.04478
0.05356
0.06271
0.07774
0.09209
0.10700
0.12302
0.13718
0.14648
0.15438
0.15850
0.15728
0.15507
0.14801
0.13992
0.12585
0.11425
0.09998
0.08404
0.06767
0.05547
0.04570
0.04078
0.03902
0.04108
0.04612
0.05722
0.06775
0.07832
0.09350
0.10830
0.12321
0.13859
0.14835
0.15575
0.15903
0.15862
0.15503
0.14992
0.14030
0.12737
0.11562
0.10002
0.08442
0.07156
0.06077
0.04944
0.04215
0.03937
0.03998
0.04417
0.05386
0.06195
0.07404
0.08888
0.10136
0.12081
0.13176
0.14263
0.15076
0.15808
0.15678
0.15545
0.15137
0.14641
0.13695
0.12527
0.11368
0.09953
0.08705
0.07088
0.05833
0.04894
0.04311
0.03956
0.04318
0.04505
0.05337
0.05871
0.07229
0.08263
0.09880
0.11379
0.12459
0.13859
0.14832
0.15450
0.15934
0.15831
0.15694
0.14950
0.14252
0.13233
0.12028
0.10914
0.09354
0.07885
0.06828
0.05524
0.04807
0.04208
0.03906
0.04223
0.04398
0.05341
0.06264
0.07183
0.08392
0.09830
0.11139
0.12352
0.13832
0.14595
0.15171
0.15652
0.15957
0.15652
0.15167
0.14534
0.13596
0.12623
0.11337
0.09968
0.08659
0.07229
0.06176
0.05306
0.04566
0.04261
0.04066
0.04406
0.04776
0.05302
0.06317
0.07225
0.08606
0.09880
0.11333
0.12539
0.13695
0.14751
0.15114
0.15400
0.15808
0.15461
0.15163
0.14511
0.13752
0.12955
0.11757
0.10571
0.09140
0.07809
0.06775
0.05840
0.04807
0.04299
0.04215
0.04070
0.04433
0.04826
0.05718
0.06641
0.07614
0.08957
0.10151
0.11486
0.12585
0.13580
0.14648
0.15114
0.15671
0.15732
0.15533
0.15305
0.14771
0.14004
0.13065
0.12070
0.11032
0.09560
0.08408
0.07225
0.06191
0.05234
0.04562
0.04330
0.04150
0.04322
0.04719
0.05283
0.05833
0.06931
0.08015
0.09075
0.10250
0.11765
0.12527
0.13596
0.14553
0.15285
0.15671
0.15907
0.15575
0.15423
0.14877
0.14072
0.13454
0.12428
0.11253
0.10078
0.08709
0.07656
0.06554
0.05646
0.04913
0.04356
0.04124
0.04250
0.04379
0.04639
0.05409
0.06149
0.07122
0.08095
0.09102
0.10628
0.11646
0.12623
0.13577
0.14568
0.15114
0.15549
0.15648
0.15564
0.15388
0.14828
0.14465
0.13645
0.12535
0.11734
0.10555
0.09537
0.08320
0.07366
0.06218
0.05405
0.04726
0.04482
0.04211
0.04372
0.04490
0.04986
0.05543
0.06317
0.07080
0.08045
0.09216
0.10456
0.11417
0.12604
0.13584
0.14137
0.14740
0.15354
0.15457
0.15724
0.15480
0.15125
0.14622
0.14000
0.13088
0.12241
0.11166
0.10197
0.09167
0.08114
0.06962
0.05913
0.05447
0.04715
0.04478
0.04120
0.04341
0.04612
0.05024
0.05505
0.06264
0.07111
0.07942
0.08999
0.10078
0.11059
0.12264
0.13004
0.14008
0.14580
0.15102
0.15518
0.15591
0.15564
0.15282
0.14851
0.14202
0.13744
0.12905
0.12123
0.11112
0.10056
0.08953
0.08076
0.07046
0.06123
0.05367
0.04837
0.04517
0.04284
0.04265
0.04528
0.04829
0.05222
0.05917
0.06756
0.07511
0.08484
0.09274
0.10403
0.11467
0.12356
0.13252
0.14153
0.14736
0.15270
0.15411
0.15491
0.15450
0.15396
0.15125
0.14530
0.13809
0.13069
0.12440
0.11497
0.10441
0.09247
0.08366
0.07694
0.06691
0.05741
0.05260
0.04761
0.04387
0.04292
0.04299
0.04585
0.04910
0.05589
0.06023
0.06874
0.07755
0.08499
0.09544
0.10525
0.11436
0.12199
0.13065
0.13943
0.14484
0.15099
0.15362
0.15450
0.15469
0.15297
0.15160
0.14729
0.14202
0.13512
0.12859
0.12012
0.11333
0.10204
0.09331
0.08259
0.07431
0.06596
0.05898
0.05363
0.04860
0.04467
0.04250
0.04261
0.04677
0.05020
0.05280
0.05802
0.06516
0.07198
0.08137
0.08839
0.09922
0.10830
0.11730
0.12512
0.13191
0.14011
0.14584
0.15011
0.15160
0.15385
0.15369
0.15480
0.15083
0.14702
0.14149
0.13702
0.13126
0.12112
0.11536
0.10601
0.09701
0.08549
0.08057
0.07107
0.06252
0.05821
0.05028
0.04669
0.04459
0.04410
0.04341
0.04696
0.05035
0.05219
0.05836
0.06435
0.07160
0.07854
0.08724
0.09571
0.10616
0.11398
0.12070
0.12970
0.13657
0.14320
0.14656
0.15049
0.15469
0.15511
0.15236
0.15095
0.14919
0.14587
0.14172
0.13493
0.12844
0.12409
0.11566
0.10704
0.09861
0.09129
0.08213
0.07408
0.06832
0.06107
0.05432
0.04993
0.04642
0.04612
0.04349
0.04501
0.05001
0.05192
0.05394
0.05997
0.06477
0.07286
0.07687
0.08789
0.09403
0.10189
0.10998
0.12058
0.12760
0.13344
0.13958
0.14454
0.14874
0.15152
0.15278
0.15205
0.15343
0.15007
0.14729
0.14576
0.13966
0.13554
0.13153
0.12360
0.11864
0.10757
0.10139
0.09331
0.08656
0.07706
0.07034
0.06401
0.05707
0.05192
0.05020
0.04738
0.04402
0.04601
0.04837
0.04837
0.05119
0.05589
0.05806
0.06668
0.07198
0.07797
0.08629
0.09239
0.10239
0.10975
0.11616
0.12527
0.13268
0.13683
0.14256
0.14591
0.14988
0.15224
0.15209
0.15293
0.15247
0.15057
0.14816
0.14511
0.14164
0.13618
0.13130
0.12169
0.11597
0.10998
0.10044
0.09583
0.08789
0.08011
0.07256
0.06641
0.06039
0.05535
0.05024
0.04799
0.04776
0.04536
0.04562
0.04784
0.04871
0.05154
0.05569
0.06096
0.06462
0.06920
0.07683
0.08316
0.08930
0.09777
0.10605
0.11055
0.11795
0.12466
0.13393
0.13813
0.14259
0.14816
0.14778
0.15297
0.15308
0.15274
0.15202
0.15186
0.14954
0.14530
0.14210
0.13668
0.13191
0.12547
0.12062
0.11559
0.10731
0.09880
0.09411
0.08633
0.07877
0.07252
0.06828
0.06317
0.05672
0.05314
0.04871
0.04730
0.04566
0.04616
0.04444
0.04890
0.05165
0.05398
0.05825
0.06084
0.06706
0.07187
0.07813
0.08610
0.09132
0.09785
0.10502
0.11070
0.11776
0.12379
0.13126
0.13721
0.14160
0.14553
0.14721
0.15057
0.15240
0.15282
0.15327
0.15053
0.14969
0.14629
0.14412
0.14111
0.13588
0.13126
0.12695
0.12051
0.11623
0.10818
0.10246
0.09789
0.08923
0.08320
0.07721
0.07050
0.06611
0.06176
0.05554
0.05211
0.05062
0.04745
0.04669
0.04547
0.04803
0.04883
0.05047
0.05295
0.05699
0.06004
0.06504
0.06954
0.07511
0.08049
0.08743
0.09365
0.09979
0.10487
0.11200
0.11734
0.12482
0.12993
0.13550
0.13866
0.14366
0.14565
0.14942
0.14786
0.15095
0.15221
0.15106
0.14999
0.14786
0.14652
0.14191
0.13931
0.13447
0.13275
0.12966
0.12173
0.11555
0.11265
0.10532
0.10017
0.09300
0.08591
0.07843
0.07507
0.06931
0.06207
0.05775
0.05611
0.05211
0.05074
0.04692
0.04803
0.04612
0.04917
0.04883
0.04974
0.05287
0.05619
0.05791
0.06393
0.06702
0.07290
0.07729
0.08121
0.08892
0.09205
0.09937
0.10490
0.11227
0.11902
0.12306
0.12882
0.13351
0.13599
0.14156
0.14404
0.14717
0.14942
0.15022
0.15106
0.14923
0.14954
0.14957
0.14935
0.14484
0.14328
0.14061
0.13565
0.13264
0.13088
0.12386
0.11890
0.11421
0.10769
0.10193
0.09651
0.08968
0.08678
0.08022
0.07538
0.07053
0.06531
0.06020
0.05775
0.05268
0.05135
0.04856
0.04814
0.04822
0.04841
0.04780
0.04818
0.05318
0.05455
0.05833
0.05989
0.06233
0.06626
0.07027
0.07679
0.08114
0.08533
0.09144
0.09506
0.10101
0.10689
0.11211
0.11959
0.12440
0.12794
0.13264
0.13569
0.14065
0.14179
0.14530
0.14618
0.14900
0.14885
0.14919
0.14938
0.14797
0.14900
0.14805
0.14523
0.14145
0.14011
0.13573
0.13302
0.12810
0.12222
0.12009
0.11520
0.11097
0.10345
0.09949
0.09415
0.09007
0.08492
0.07904
0.07309
0.07011
0.06657
0.06035
0.05795
0.05474
0.05264
0.04974
0.04990
0.04959
0.04883
0.04814
0.05150
0.05127
0.05291
0.05585
0.05753
0.06256
0.06275
0.06577
0.07118
0.07637
0.08057
0.08572
0.08858
0.09464
0.09781
0.10292
0.11002
0.11383
0.11871
0.12260
0.12817
0.13126
0.13573
0.14008
0.14168
0.14576
0.14900
0.14832
0.14843
0.14992
0.14938
0.14988
0.14862
0.14706
0.14618
0.14458
0.14160
0.13912
0.13531
0.13271
0.12917
0.12531
0.12249
0.11848
0.11284
0.11036
0.10601
0.09926
0.09346
0.08766
0.08503
0.07889
0.07591
0.07126
0.06752
0.06340
0.05997
0.05749
0.05451
0.05363
0.05013
0.05119
0.05074
0.05085
0.04871
0.05028
0.05459
0.05344
0.05516
0.05703
0.05890
0.06165
0.06527
0.06775
0.07137
0.07618
0.08106
0.08312
0.08766
0.09342
0.09731
0.10300
0.10689
0.11204
0.11448
0.11913
0.12432
0.12726
0.13058
0.13412
0.13859
0.14252
0.14393
0.14469
0.14587
0.14610
0.14706
0.14862
0.14809
0.14908
0.14568
0.14595
0.14492
0.14427
0.14114
0.13783
0.13557
0.13378
0.13142
0.12829
0.12409
0.12009
0.11570
0.11124
0.10685
0.10273
0.09953
0.09361
0.09075
0.08446
0.08224
0.07736
0.07339
0.06874
0.06603
0.06557
0.06065
0.05867
0.05363
0.05329
0.05135
0.05104
0.04971
0.05020
0.04971
0.05207
0.05093
0.05291
0.05463
0.05669
0.05943
0.06065
0.06287
0.06557
0.06786
0.07324
0.07450
0.08102
0.08160
0.08537
0.08991
0.09449
0.09995
0.10178
0.10555
0.10975
0.11436
0.11852
0.12314
0.12558
0.12882
0.13344
0.13519
0.13988
0.14053
0.14378
0.14454
0.14488
0.14900
0.14915
0.14881
0.14843
0.14725
0.14538
0.14732
0.14446
0.14374
0.14091
0.14023
0.13790
0.13519
0.13271
0.13187
0.12939
0.12447
0.12188
0.11753
0.11581
0.10983
0.10715
0.10345
0.09930
0.09418
0.09090
0.08640
0.08320
0.08080
0.07641
0.07313
0.06901
0.06599
0.06287
0.06138
0.05810
0.05726
0.05390
0.05451
0.05135
0.05192
0.05203
0.05100
0.05043
0.05062
0.05375
0.05455
0.05623
0.05661
0.05795
0.05772
0.06371
0.06561
0.06779
0.07019
0.07309
0.07816
0.07988
0.08362
0.08659
0.09041
0.09354
0.09701
0.10090
0.10464
0.10796
0.11219
0.11559
0.11936
0.12234
0.12646
0.12821
0.13233
0.13458
0.13775
0.13996
0.14156
0.14248
0.14263
0.14591
0.14664
0.14645
0.14549
0.14660
0.14656
0.14439
0.14553
0.14332
0.14374
0.14320
0.14160
0.13924
0.13779
0.13592
0.13157
0.12917
0.12863
0.12695
0.12119
0.11978
0.11597
0.11074
0.10971
0.10582
0.10059
0.09899
0.09705
0.09064
0.08820
0.08408
0.08087
0.07797
0.07610
0.07111
0.06771
0.06641
0.06344
0.06153
0.05943
0.05775
0.05459
0.05512
0.05390
0.05253
0.05314
0.05150
0.05299
0.05390
0.05299
0.05272
0.05375
0.05539
0.05707
0.05798
0.06004
0.06058
0.06374
0.06611
0.06767
0.07023
0.07408
0.07504
0.07885
0.08183
0.08472
0.08640
0.09151
0.09556
0.09495
0.10197
0.10426
0.10674
0.11215
0.11330
0.11883
0.12199
0.12306
0.12661
0.13020
0.13149
0.13393
0.13603
0.13702
0.14030
0.14160
0.14427
0.14328
0.14355
0.14484
0.14626
0.14648
0.14538
0.14576
0.14561
0.14542
0.14393
0.14400
0.14183
0.14217
0.13832
0.13878
0.13775
0.13588
0.13367
0.13035
0.13062
0.12589
0.12314
0.12253
0.11929
0.11749
0.11227
0.10967
0.10719
0.10426
0.10170
0.09743
0.09342
0.09109
0.08751
0.08598
0.08301
0.08026
0.07500
0.07431
0.07053
0.06699
0.06603
0.06435
0.06191
0.06023
0.05814
0.05611
0.05592
0.05619
0.05474
0.05260
0.05287
0.05314
0.05264
0.05184
0.05356
0.05451
0.05459
0.05314
0.05817
0.05749
0.05871
0.06130
0.06340
0.06542
0.06626
0.06851
0.07015
0.07351
0.07519
