0.288635786357710
0.458250076140240
1.01775082542839
1.88006594619540
2.66590898269960
2.98291289465566
2.88705280118384
2.40709951657175
1.61040898727022
0.890594885096217
0.517062431664284
0.603849501299881
1.08751945856415
1.87863055545587
2.59411400592847
2.97878399973971
2.90626037503590
2.48247765072226
1.76021417009018
0.995152737905812
0.557407217834324
0.556689970479152
1.01021810279087
1.72594642109121
2.46596602047423
2.96926962035305
2.96370462580083
2.61601121594191
1.96762662093756
1.20177280166077
0.640250922101171
0.524593400057214
0.880910542485540
1.46868689246556
2.23661125101991
2.83571378572884
3.02474084901618
2.81794287794832
2.22638239145277
1.53649704057773
0.818680731000651
0.521186530085213
0.663383184668845
1.14025100475120
1.90949167074122
2.62283170463777
2.96926962035305
2.94521458758822
2.57831943758777
1.88078364192996
1.15190951704673
0.595780305567954
0.541627832147791
0.827647449847856
1.46743116945868
2.24971144155633
2.79676158664470
3.01648290418606
2.83912438104069
2.32149474584839
1.58852217111384
0.898844545219136
0.561531394841823
0.608691033500308
1.04034915412264
1.67804426669585
2.42971267516644
2.86784540148346
2.97339849672553
2.71311550588197
2.17236765395733
1.44195809207453
0.799492080245788
0.514910731329292
0.638099096570961
1.11352634954491
1.83826058933901
2.49880993334726
2.94054722481167
2.95975528369682
2.68026827005694
2.07439094791187
1.37433035208443
0.785145539086732
0.528717513147465
0.677728900822374
1.13415273158064
1.81152712417918
2.51316808802176
2.94252187703910
2.98022013618905
2.70898713678265
2.15585844093423
1.42563395710011
0.789987485860524
0.506124644322843
0.608691033500308
1.10599328619392
1.74047874955309
2.41535508617485
2.86784540148346
2.98434903390403
2.74327079375596
2.26065823825377
1.58296080304859
0.901534658730226
0.560814146089536
0.608691033500308
0.993179900441370
1.56107427056076
2.24414833704707
2.81578883865050
2.98219482539657
2.85761349329961
2.43168685126344
1.78551165991383
1.11227083712539
0.626443412954057
0.534814042865393
0.755018119057445
1.27782554000179
1.99436205653644
2.62283170463777
2.93228960816671
2.95419031413773
2.65567804983993
2.11350930899206
1.42491641559275
0.867998154570761
0.586097311282922
0.614249843383147
1.01021810279087
1.58224320823300
2.25850476558093
2.79801809801627
2.97537317957440
2.88436016456202
2.50293789284801
1.89298450662792
1.23872261168453
0.724353149605123
0.534814042865393
0.710007117552141
1.16554108974705
1.78138509839541
2.44748032627780
2.86030609592501
2.98291289465566
2.82332798577539
2.38107673599456
1.77044077852592
1.10814558727394
0.669659423526078
0.502000575240324
0.751610878297923
1.26204078478307
1.85333195334164
2.47493971659858
2.88507820065986
2.98363096415815
2.77342651090385
2.32903213392966
1.69454975560190
1.06223030536921
0.680598055716895
0.562248643837086
0.749638267732658
1.22993352076261
1.82659829794202
2.47906762958174
2.90284967163532
2.93839306084460
2.80555718189689
2.37084717875510
1.77528497870487
1.16625854337260
0.679163477783640
0.547186465961521
0.720228655434330
1.12859255664304
1.70746718447611
2.33872310087429
2.78096550726595
2.97411656300306
2.90769646232107
2.53452602315954
1.98951735525034
1.36607883933433
0.826212772280572
0.573903974064936
0.621781157473248
0.963049520299295
1.47478612909047
2.07851808035627
2.61942145754476
2.93228960816671
2.93767500667568
2.70970511343936
2.26137606296458
1.64467486683675
1.08698138833023
0.651189402360101
0.570317711776455
0.755018119057445
1.13002743910023
1.77115843711253
2.31323954205809
2.81650685150641
2.94736875849183
2.89261759438109
2.55498676803257
2.06685446593847
1.45917929393711
0.900099931099000
0.619629350713905
0.608691033500308
0.837152213284037
1.30383476833017
1.89101083257324
2.44550613546114
2.87610276692954
2.96585881550624
2.85761349329961
2.48929770947219
1.97318899919858
1.37217778044120
0.869970875406142
0.561531394841823
0.609408298471567
0.876247726655262
1.30239976809612
1.89585530853618
2.44676243849522
2.82063543015069
2.94395798890604
2.85222829831607
2.49880993334726
1.98269890554736
1.43657649521210
0.906914896005467
0.633974770417439
0.573903974064936
0.837869555652274
1.25325159707910
1.81834502283508
2.41732924889050
2.81381430455161
2.98434903390403
2.91721056517444
2.56737099909971
2.13809323587634
1.55910090579722
1.01021810279087
0.666252320123700
0.590221544175571
0.731167548881280
1.08967174086708
1.63767812386923
2.19964402697129
2.69337120470435
2.93767500667568
2.95903722228711
2.74129632724992
2.35433641865729
1.79789139271151
1.24213063634669
0.798236754013695
0.575876420912844
0.642940707089281
0.916599357551324
1.37971179076525
1.90608257195889
2.40925314032272
2.79604358048129
2.92475007325404
2.89459220193260
2.58657567452963
2.16142131355643
1.58565178577264
1.09846024964145
0.710545091999948
0.548441643358537
0.672349245874379
0.991027716212840
1.47424796044637
2.03329950265314
2.54547429188603
2.88579623700108
2.95149759217979
2.85151027335260
2.54475637089164
2.04227136590308
1.56591799186722
1.03084347853869
0.695661182700102
0.586814568600216
0.708572519692911
1.03012607079245
1.48985490665118
2.00458979564389
2.53380810587574
2.84397102592962
2.98973456475636
2.85079224863249
2.58101168522865
2.13540155113892
1.59533935189141
1.09164466823318
0.718076748621607
0.606001292022172
0.684005182203927
0.955516992253665
1.38186437006668
1.93550865797353
2.43043055717065
2.79460756888455
2.95616497908217
2.89261759438109
2.64670358801444
2.29421680364041
1.78425574903533
1.25325159707910
0.841994278985833
0.612098044277873
0.652444641414151
0.818680731000651
1.18473305794955
1.66100069032227
2.19767006713385
2.62408811284546
2.91721056517444
2.95077953356905
2.80017211924433
2.49880993334726
2.09502669055470
1.58708697795693
1.04106656533246
0.726325736613880
0.613532576771736
0.660693373710929
0.939734639427297
1.34078635926677
1.82731597555824
2.30785573083280
2.70844865444981
2.90087505638695
2.93085350420982
2.78240150961500
2.43922463146741
1.96080824170764
1.50151534382659
1.01165290503682
0.683287891961562
0.614249843383147
0.701040896878944
0.969864687810889
1.39137162148787
1.88132191389049
2.34554269678433
2.70288434502567
2.94665070128057
2.89674632136066
2.75224566470524
2.43994251669533
2.00315432050896
1.50635892891152
1.06223030536921
0.719511352920418
0.624470918997733
0.659258809263923
0.883779972715531
1.31818482415386
1.72666406460059
2.24343051817468
2.65226774986733
2.90356771400016
2.91182521868877
2.83984240180603
2.54134624949109
2.15926794177596
1.65077461033545
1.15459995207650
0.841276935220204
0.649037565713048
0.620346619390699
0.813300717918923
1.08482910876181
1.56035668316126
2.01015227098113
2.46183813302294
2.80627519128486
2.89531024149858
2.87484620924189
2.74470677055264
2.40171546677405
1.98879962266896
1.47353040246698
1.07873099519783
0.740671879234135
0.611380778395420
0.622319109504784
0.867998154570761
1.24015756876851
1.66028306906310
2.13396598734431
2.54260260936837
2.81309629260832
2.92277543759202
2.85492089409663
2.68098623697989
2.34967035760689
1.89101083257324
1.47962965304170
1.06151288698908
0.742106498842313
0.586814568600216
0.695661182700102
0.863156029403321
1.21343165267689
1.64054857972620
2.08605460383210
2.52142407102959
2.78635052109417
2.94180382147070
2.87269211208282
2.68511455150919
2.42020076157957
1.97785423093968
1.56663558115112
1.13487017457152
0.795367439706469
0.628595226638545
0.629850452297750
0.813300717918923
1.14025100475120
1.48034721308774
1.94089152282014
2.36402750137479
2.69803802291983
2.85635694657899
2.89728485155993
2.82745657771354
2.58101168522865
2.19138929807185
1.79986497999015
1.37217778044120
0.941886771522351
0.686695022776993
0.626443412954057
0.677190934712490
0.932202194320183
1.20392520009392
1.63767812386923
2.09843609347455
2.45771025361589
2.80286464885947
2.91864665988275
2.87538473387390
2.74327079375596
2.47009391596978
2.12786485207211
1.70280254829405
1.30311726809159
0.911757121241707
0.715386868181220
0.617656863105622
0.680598055716895
0.921979633104906
1.22311751618251
1.61238239984374
2.05178158244184
2.40853526549577
2.72280823016994
2.90554233175839
2.92744276121395
2.79119704524367
2.52968008621574
2.19892622318119
1.76649366064647
1.35029342626980
1.01165290503682
0.763984568308378
0.653879201244288
0.662127939129911
0.837152213284037
1.12446727499464
1.50635892891152
1.93891780412123
2.30301031243017
2.64813949935149
2.88023146172247
2.90697841855680
2.81525032916828
2.63306247885789
2.36402750137479
1.98198117527659
1.58439599340924
1.17719974128162
0.882345257114471
0.671631959580713
0.632719542313159
0.709289818501025
0.933636943703307
1.25863272807790
1.63498707503676
2.05249933636648
2.41948288304236
2.67003726784549
2.85420286822051
2.90087505638695
2.81237828090839
2.59267813121280
2.31539307037984
1.94645383086743
1.52627156176003
1.16087764710603
0.846836355760459
0.658720847846882
0.649754844352407
0.738699278860035
0.985647265211631
1.28464172067456
1.62673454660608
2.05178158244184
2.42558485836377
2.69875599586552
2.87197408018321
2.91918519564936
2.80286464885947
2.61529327104089
2.36133552950568
2.01069057582131
1.60556516420416
1.23872261168453
0.906914896005467
0.703192786377740
0.628595226638545
0.694943888509007
0.858313915308876
1.08895431318970
1.46868689246556
1.86086767556195
2.22710020454761
2.54673065421170
2.79335105953593
2.89531024149858
2.86856343198366
2.78850453045838
2.55157663016237
2.23248381051296
1.90680027650968
1.49469846506691
1.10402034545901
0.850243749758024
0.738699278860035
0.662665901412617
0.710545091999948
0.901534658730226
1.16769345135295
1.52680974362479
1.94160923916668
2.29349896779988
2.58442187048588
2.80896772865719
2.91451789022032
2.89261759438109
2.70485877572897
2.53237227203808
2.23804688438590
1.88616636769135
1.56448281402886
1.16894899663337
0.883062614793485
0.705882651326720
0.655851722597772
0.706599949223577
0.902252022910392
1.12446727499464
1.44482828265978
1.83072494755641
2.15047502972691
2.50096365034399
2.73914236588771
2.87753883377094
2.88364212870756
2.76175906942618
2.66106274518552
2.39471622249651
2.02378936910176
1.69311449059043
1.33396999787542
1.01506056426740
0.791422138882852
0.659976091365929
0.666252320123700
0.762011946215306
0.946729076733837
1.26885691464808
1.55228384167138
1.95524589596187
2.27016943541498
2.59124225747043
2.76391305378534
2.88166753136269
2.87125604852698
2.76032308107018
2.59608833525174
2.34554269678433
1.99974507096269
1.66512701728144
1.32015796443428
1.00609305174932
0.824240092212796
0.692792007393720
0.670914673530043
0.759142680996945
0.970582075140737
1.22168257064540
1.49954203456058
1.90536486765131
2.18941534592745
2.53650029694459
2.70701270223143
2.89943897372600
2.88094949642089
2.82961062887546
2.62624195722095
2.41876500474844
2.15729401956707
1.79986497999015
1.44536644382759
1.12034200138286
0.884317991316555
0.743541119422521
0.673066532411040
0.729732936684810
0.871405582622629
1.05272453155852
1.35513666549275
1.65005699254139
1.98539039622893
2.31682875714407
2.57490926215476
2.80555718189689
2.84809965809963
2.86928146272724
2.79945411192495
2.60775486427119
2.36402750137479
2.07439094791187
1.77187609594233
1.40913056394150
1.13343528883283
0.874813016157864
0.740133897131670
0.681853312205827
0.734574756743586
0.847374364974483
1.05810515300279
1.33666066422466
1.63229602962376
1.94430067763235
2.28667953944822
2.52483416035801
2.73034704638920
2.85151027335260
2.84666361121481
2.79801809801627
2.68367861510820
2.45771025361589
2.19551665850021
1.83897827090716
1.59677455064086
1.23746702503370
0.977397266896285
0.770081775487788
0.675756359087706
0.693509300855816
0.790704812250180
0.945294318479684
1.14240334065152
1.44070238491673
1.71231124061654
2.05662642615341
2.35164445910454
2.60219081933960
2.75691261262597
2.83643180533818
2.85222829831607
2.81112176101912
2.62821631648900
2.43312261685330
2.17362379499878
1.88885773570215
1.53918796426218
1.25863272807790
0.969864687810889
0.781738249846236
0.725070453759314
0.692074714174624
0.753045505317866
0.902252022910392
1.11908648492227
1.39137162148787
1.65346567922888
1.99364432231330
2.27016943541498
2.57562719336864
2.73644991726486
2.82332798577539
2.85420286822051
2.83032864641617
2.69803802291983
2.53380810587574
2.30929141248819
2.03886205339113
1.71374651863778
1.37092211465976
1.12177687824935
0.895975094574346
0.744079102390702
0.664100468168067
0.692074714174624
0.829620133090113
0.977397266896285
1.19298386409791
1.46258767340700
1.75895827421317
2.02989020458301
2.32149474584839
2.56862737441261
2.71311550588197
2.81794287794832
2.88364212870756
2.78706852397222
2.67829386227357
2.54403845014056
2.31952067244984
2.05106382876043
1.71105537314587
1.44536644382759
1.18060766693084
0.955516992253665
0.792677461074786
0.677728900822374
0.694943888509007
0.761294629546199
0.919289493619252
1.11352634954491
1.34616771270563
1.63301364139955
1.90267347866395
2.22028098996836
2.47152970759298
2.64544716639298
2.81309629260832
2.85904954760725
2.84594558813746
2.80896772865719
2.63108811507298
2.43653256402959
2.17703332443796
1.94717154909888
1.65274806052295
1.36195309501629
1.15334441530389
0.875530371285047
0.779765611213091
0.710545091999948
0.699068333426272
0.802899398055915
0.960359328635527
1.12446727499464
1.39406236077160
1.65149222837268
1.91900129108411
2.20646317510980
2.46058182104749
2.62749836745134
2.76929802426542
2.84325300376491
2.82135344464931
2.78168350831879
2.65496009149471
2.50975801747412
2.25724857419953
2.04909000739074
1.79304714082486
1.50707649801442
1.21343165267689
0.994614691142312
0.819398067111053
0.731167548881280
0.699606305094750
0.736547353275136
0.826930110942703
1.02600098096837
1.21486659262294
1.40446658483657
1.67678841954523
1.94232695575644
2.20987275741189
2.48588767735240
2.66106274518552
2.79388956345122
2.85276681719839
2.84540707098916
2.78096550726595
2.68924287408400
2.51657816405916
2.28452604031961
2.07367318656855
1.79376480707186
1.51389341661852
1.28320673344651
1.08967174086708
0.886470067087709
0.755735433600208
0.705882651326720
0.716821470657504
0.791960134016836
0.965739715380895
1.11083596670033
1.32769178968892
1.59390415411458
1.81780676688006
2.16680475258569
2.36330964187517
2.55839691139268
2.70432029444556
2.83571378572884
2.81237828090839
2.78850453045838
2.71526944077990
2.62624195722095
2.45645394408869
2.24684015998511
2.03886205339113
1.78497341230328
1.56107427056076
1.27100938126880
1.04590909735632
0.877503099137930
0.772951055529882
0.709289818501025
0.774206366770958
0.807741385428775
0.956951757434568
1.05272453155852
1.29630102794992
1.48178233390921
1.77187609594233
2.04083586522916
2.23463725673051
2.48588767735240
2.66052427503501
2.77145201629032
2.85833152033174
2.83984240180603
2.81525032916828
2.68170420414618
2.55642261719927
2.37353916271257
2.15729401956707
1.95739906032408
1.67750604639725
1.41397393773030
1.22437309432512
0.990489670497498
0.861900665426697
0.754480133309848
0.700323600865347
0.757170063414766
0.788552833810261
0.957669140389587
1.12321175608813
1.28804981923840
1.50492379143515
1.76290537804875
1.99777129741784
2.21543577189823
2.48104185167821
2.61798556567440
2.72137226821766
2.80771121079088
2.86246018048947
2.80771121079088
2.72065428760654
2.60703692216846
2.43868621770613
2.26406790779677
2.03329950265314
1.78766465172397
1.55282203014665
1.29630102794992
1.10742815333752
0.951392047773904
0.818680731000651
0.763984568308378
0.729015630951085
0.789987485860524
0.856341205333842
0.950674666945524
1.13271784632809
1.29558353026393
1.54331405388592
1.77187609594233
2.03258175523495
2.24899362079862
2.45645394408869
2.64598563271093
2.71114106748284
2.76247706396921
2.83571378572884
2.77342651090385
2.71993630723877
2.60290875979986
2.46668391476517
2.32364828256328
2.10866433516297
1.89585530853618
1.63911335131139
1.40034076572927
1.21486659262294
1.04716457042952
0.861900665426697
0.770799095133792
0.755735433600208
0.729732936684810
0.794829443706739
0.865308083666256
1.02528357486277
1.19083147678596
1.36536131800597
1.60628276692228
1.82049804802312
2.06003576726044
2.25724857419953
2.43581467995734
2.62749836745134
2.71114106748284
2.81112176101912
2.82207145939130
2.78635052109417
2.74542475931600
2.64957541166188
2.51191174560235
2.34338913780915
2.16483082335288
1.97857195981193
1.71446415801316
1.50779406736045
1.29558353026393
1.11011853185240
0.938479230048659
0.817963395133270
0.776358330629987
0.744079102390702
0.774923687814287
0.846119010354408
0.947267111329783
1.04590909735632
1.24284811592183
1.43729404067026
1.62745215649738
1.83826058933901
2.11009988180877
2.24684015998511
2.43868621770613
2.61044714932358
2.74183481793269
2.81112176101912
2.85348484258777
2.79388956345122
2.76660553731428
2.66860134166483
2.52411624635897
2.41320145621985
2.22907419181275
2.01822685794936
1.80740051197096
1.56179185820340
1.37289530407916
1.17522673420202
1.01237030652437
0.880910542485540
0.781020926494273
0.739416587874349
0.762011946215306
0.785145539086732
0.831772153268648
0.969864687810889
1.10258548062457
1.27710804857567
1.45164500089040
1.63229602962376
1.90608257195889
2.08874622585822
2.26406790779677
2.43527626706282
2.61313943779780
2.71114106748284
2.78922253406650
2.80699320091619
2.79191504976439
2.76032308107018
2.65980631504726
2.59465245919778
2.44748032627780
2.24827580028418
2.10453714397604
1.89298450662792
1.71033773492557
1.49200759791275
1.32087547044663
1.11496122179301
0.969147300724089
0.847374364974483
0.803616728819883
0.755018119057445
0.783890221360214
0.805051391076873
0.894002349511717
0.993897295670315
1.13271784632809
1.26957440327855
1.44267563935615
1.65274806052295
1.87522150634836
2.04765450209541
2.26065823825377
2.43653256402959
2.53578237899167
2.64401125688095
2.75422014141691
2.77270851264963
2.82063543015069
2.77683700593477
2.71311550588197
2.62283170463777
2.51119383598296
2.34751679443505
2.19551665850021
2.00261601758419
1.82875133152026
1.64395725110958
1.45505336823413
1.24840859087157
1.06025740540872
0.976679877257484
0.845401665191384
0.802899398055915
0.738699278860035
0.778330966088758
0.826930110942703
0.900817294793096
0.987082050808511
1.12321175608813
1.27513494840733
1.42419887432853
1.61381761014312
1.80740051197096
1.98341663606134
2.19964402697129
2.33244191353966
2.51262965546506
2.61529327104089
2.70898713678265
2.78365801246894
2.79676158664470
2.79191504976439
2.74129632724992
2.66393458829995
2.54744857587522
2.46524812642659
2.31467522736265
2.17434159021408
1.99292658833339
1.80345332520857
1.60556516420416
1.44823663903228
1.26347575766826
1.09792217662744
0.962332135521436
0.867280801995395
0.809893383370866
0.768109147714311
0.764701885888778
0.811866050072489
0.865846097573749
0.936327101416951
1.06097482336349
1.21145861183876
1.34688522753071
1.52142793113180
1.66315355555877
1.86571208257669
2.05662642615341
2.21615358128331
2.37694901397010
2.53865405226326
2.64329330248994
2.73914236588771
2.76445155021736
2.77881150556757
2.77145201629032
2.76175906942618
2.71311550588197
2.60631898030906
2.47691393484775
2.34410699055759
2.23122763456378
2.06200959883076
1.87253015566585
1.65830961185421
1.50025960135366
1.37971179076525
1.19979977168563
1.02940866328926
0.943142182921277
0.853651149238874
0.786580188828346
0.769543785912762
0.770799095133792
0.822088079689469
0.880372524750317
1.00214735827252
1.07998648773127
1.23262405492565
1.39065409158962
1.52411883566870
1.71159360197068
1.88760176353817
2.05106382876043
2.18797974552336
2.34338913780915
2.50096365034399
2.59806266641518
2.70844865444981
2.75565612563587
2.77145201629032
2.77486250814237
2.74398878203262
2.71939782212264
2.64203688289120
2.54744857587522
2.42361068795386
2.30642005015053
2.15442286327440
2.03258175523495
1.83000726878502
1.67337969531891
1.48106477337690
1.33253497722037
1.18276004385092
1.05756709024311
0.961614750986622
0.871405582622629
0.800926739708069
0.762011946215306
0.763984568308378
0.838586898263536
0.900099931099000
0.946729076733837
1.04034915412264
1.16841090570775
1.29074042724218
1.45917929393711
1.58511358895429
1.77941152833754
1.94232695575644
2.10381937241665
2.24414833704707
2.36600161625318
2.51316808802176
2.61601121594191
2.69265323358374
2.71939782212264
2.75978458568764
2.75691261262597
2.77683700593477
2.70557675098645
2.63719069999101
2.53793613358039
2.45771025361589
2.35433641865729
2.17236765395733
2.06900774376589
1.90123807260247
1.73976110136252
1.53308854215256
1.44482828265978
1.27441745789283
1.12105943969457
1.04375685953406
0.901534658730226
0.837152213284037
0.799492080245788
0.790704812250180
0.778330966088758
0.841994278985833
0.902790046205009
0.935789069600801
1.04644715715369
1.15388250240100
1.28392422693899
1.40841302802600
1.56448281402886
1.71643766754933
1.90392945976577
2.04424518091832
2.16483082335288
2.32634020653590
2.44963399108536
2.56862737441261
2.62893426577000
2.69947396905456
2.77486250814237
2.78240150961500
2.73303948725524
2.70773067821895
2.67613996497235
2.61654967477736
2.54206416932972
2.42020076157957
2.30372815149411
2.22566457860119
2.07439094791187
1.91971900001267
1.76846721866665
1.63713991382918
1.47281284473072
1.32840929825390
1.22509056788372
1.09505245619520
0.973989668276628
0.895257732520735
0.832310158655034
0.826930110942703
0.779765611213091
0.807024053267450
0.896692456870992
0.930946789407425
0.967174487488598
1.07532323350223
1.16141573611739
1.30652539638999
1.37845612051654
1.57614366211774
1.68629699506922
1.82731597555824
1.97247127215049
2.16267744810606
2.28865358223949
2.39345995033072
2.50365579966932
2.59267813121280
2.66806286959803
2.71796186248218
2.74057833988583
2.72747511323736
2.75224566470524
2.69193526270647
2.64203688289120
2.61457532638319
2.50509161404186
2.43114843941815
2.35918195447367
2.21687139091166
2.12786485207211
1.92922866627675
1.81834502283508
1.67337969531891
1.55228384167138
1.38186437006668
1.26132329870512
1.14778418997349
1.02331070932560
0.930946789407425
0.900099931099000
0.849526403197599
0.789270159713884
0.824957430206616
0.867280801995395
0.867280801995395
0.917854753957707
1.00214735827252
1.04106656533246
1.19567435131440
1.29074042724218
1.39818816764687
1.54744015154867
1.65687437140278
1.83628696628058
1.96834434634392
2.08336298522653
2.24684015998511
2.37982047191821
2.45430027234702
2.55714054214761
2.61726762010422
2.68852490436261
2.73088553428864
2.72819309616030
2.74327079375596
2.73501394606527
2.70090991616267
2.65765243654402
2.60290875979986
2.54062832989577
2.44263458846694
2.35505427511582
2.18259625267403
2.07995360656986
1.97247127215049
1.80130031734795
1.71859058914073
1.57614366211774
1.43657649521210
1.30114414368901
1.19083147678596
1.08285618774583
0.992462505455476
0.900817294793096
0.860465964650484
0.856341205333842
0.813300717918923
0.817963395133270
0.857775903315233
0.873378306632589
0.924131747154198
0.998560370582839
1.09307952565401
1.15872529242792
1.24087504767514
1.37773859499443
1.49129003391576
1.60143895329374
1.75339645856715
1.90195577551161
1.98269890554736
2.11548319039610
2.23589343470182
2.40225387113798
2.47763183284911
2.55767898601854
2.65765243654402
2.65083183573192
2.74398878203262
2.74596325104823
2.73986035276509
2.72693662620486
2.72406469767667
2.68242217155581
2.60631898030906
2.54888441993222
2.45160818574922
2.36600161625318
2.25042926255730
2.16339523961175
2.07313486572069
1.92456354164194
1.77187609594233
1.68773225546043
1.54815773457151
1.41253886286027
1.30042664436207
1.22437309432512
1.13271784632809
1.01703342211793
0.952826810159796
0.873378306632589
0.848091710805829
0.818680731000651
0.827647449847856
0.796802096374048
0.876785743342411
0.926104520287578
0.967891873907020
1.04447427189842
1.09092723988737
1.20249026756207
1.28876731437181
1.40105829890965
1.54403163551067
1.63767812386923
1.75483176443234
1.88347500310063
1.98539039622893
2.11207376003544
2.22028098996836
2.35433641865729
2.46112024037430
2.53991041054378
2.61044714932358
2.64060097569086
2.70090991616267
2.73375747206414
2.74129632724992
2.74937370186446
2.70019194248694
2.68511455150919
2.62408811284546
2.58513980492381
2.53111591822852
2.43725044834514
2.35433641865729
2.27698881061148
2.16142131355643
2.08461907348346
1.94017380671681
1.83754290801406
1.75554941772971
1.60018315156889
1.49200759791275
1.38455509727043
1.26419324447550
1.18545051807756
1.10742815333752
0.995870133803148
0.934354318759431
0.907632262008402
0.850781759837829
0.837152213284037
0.815273387794995
0.861183314917077
0.875530371285047
0.904942140750551
0.949419251080683
1.02187589918036
1.07657872401519
1.16625854337260
1.24697362819642
1.34688522753071
1.44339318688090
1.56789136298303
1.67947952149415
1.78963822947264
1.88078364192996
2.00871679207620
2.10453714397604
2.23876470143379
2.33046782993853
2.43043055717065
2.48714400433680
2.57688357357842
2.61260097982921
2.68026827005694
2.65226774986733
2.70773067821895
2.73034704638920
2.70970511343936
2.69049932168197
2.65226774986733
2.62821631648900
2.54547429188603
2.49880993334726
2.41194517309063
2.38107673599456
2.32562235980869
2.18331405093002
2.07241710480303
2.02038008633987
1.88885773570215
1.79645605766402
1.66781810441230
1.54062312495864
1.40643980551198
1.34616771270563
1.24284811592183
1.11298827270254
1.03550663481382
1.00609305174932
0.934354318759431
0.909784361475426
0.841276935220204
0.861183314917077
0.826930110942703
0.881627899678490
0.875530371285047
0.891850266085016
0.947984491003706
1.00752785120015
1.03837627454889
1.14634929548404
1.20177280166077
1.30724289778331
1.38599015317702
1.45630908390147
1.59462175288142
1.65077461033545
1.78210276069061
1.88132191389049
2.01356153727956
2.13468376911999
2.20718098145413
2.31054763473490
2.39471622249651
2.43922463146741
2.53919249143510
2.58370393629128
2.63988302245569
2.68026827005694
2.69462765475096
2.70970511343936
2.67685793049608
2.68242217155581
2.68296064727272
2.67901182852733
2.59806266641518
2.57006323282553
2.52214198411620
2.43312261685330
2.37910260706625
2.34751679443505
2.22153715942544
2.13253042452268
2.04837225462146
1.93138180418937
1.82803365341765
1.73079051949868
1.60825617565088
1.55623056033277
1.43854974580706
1.35172845895885
1.26473135974046
1.17110136170318
1.07944841941150
1.03550663481382
0.944576939717173
0.920724234252950
0.870688228892871
0.863156029403321
0.864590732002248
0.867998154570761
0.857058554203023
0.863873380581270
0.953544191717309
0.978114656778135
1.04590909735632
1.07388838811320
1.11765160987884
1.18814099572257
1.26006769865366
1.37702106971542
1.45505336823413
1.53021823194429
1.63983096539721
1.70477604696336
1.81152712417918
1.91702759278462
2.01069057582131
2.14491218585392
2.23122763456378
2.29475518068045
2.37910260706625
2.43384050001317
2.52285989744612
2.54332052963281
2.60631898030906
2.62211375742510
2.67272963205774
2.67003726784549
2.67613996497235
2.67955030337734
2.65424213339282
2.67272963205774
2.65567804983993
2.60506258264062
2.53721821514083
2.51316808802176
2.43455838341635
2.38592233298273
2.29762652720513
2.19210709930774
2.15388452190281
2.06613670714914
1.99023508807494
1.85530559228393
1.78425574903533
1.68844988602079
1.61525282141513
1.52286307979264
1.41738224444422
1.31065103272152
1.25719775847452
1.19370132702140
1.08213876237759
1.03909368509030
0.981522262036053
0.943859561197703
0.891850266085016
0.894719711140018
0.889160164877536
0.875530371285047
0.863156029403321
0.923414375561395
0.919289493619252
0.948701870920672
1.00142996024848
1.03156088652800
1.12177687824935
1.12518471470402
1.17935211473777
1.27639055739265
1.36948706896409
1.44482828265978
1.53721461989259
1.58852217111384
1.69724088012008
1.75411411137816
1.84579625793404
1.97318899919858
2.04155361544450
2.12912096672088
2.19892622318119
2.29888274253366
2.35433641865729
2.43455838341635
2.51262965546506
2.54134624949109
2.61457532638319
2.67272963205774
2.66052427503501
2.66249866625606
2.68924287408400
2.67955030337734
2.68852490436261
2.66590898269960
2.63790865231367
2.62211375742510
2.59339606844897
2.53991041054378
2.49539988591419
2.42702061981755
2.38035887071684
2.31682875714407
2.24755798001301
2.19695226401271
2.12499373567224
2.02378936910176
1.97928968892740
1.90123807260247
1.78012918996398
1.67607079293638
1.57201750853080
1.52483641078933
1.41469147553001
1.36123557508584
1.27782554000179
1.21074114289887
1.13684314404981
1.07532323350223
1.03084347853869
0.977397266896285
0.961614750986622
0.898844545219136
0.917854753957707
0.909784361475426
0.911757121241707
0.873378306632589
0.901534658730226
0.978832046903033
0.958207177765349
0.989054882591641
1.02259330413145
1.05613225688573
1.10545521126573
1.17038390643683
1.21486659262294
1.27979864267710
1.36607883933433
1.45361826552606
1.49057247016190
1.57201750853080
1.67535316657070
1.74514346871929
1.84723162642068
1.91702759278462
2.00943453140705
2.05321709053435
2.13665767025736
2.22979200581983
2.28255200137510
2.34213289608477
2.40566376862091
2.48588767735240
2.55642261719927
2.58172961851078
2.59537039710310
2.61654967477736
2.62067786372976
2.63790865231367
2.66590898269960
2.65639600842850
2.67416556103681
2.61313943779780
2.61798556567440
2.59949854478076
2.58783206123314
2.53165435548423
2.47224760376954
2.43168685126344
2.39956185068685
2.35720784595115
2.30103625625876
2.22566457860119
2.15388452190281
2.07510870949842
1.99507979100279
1.91630988476810
1.84238726167703
1.78497341230328
1.67876189397341
1.62745215649738
1.51461098827439
1.47478612909047
1.38724582789303
1.31603230958110
1.23262405492565
1.18401559806462
1.17576482685960
1.08751945856415
1.05200711639897
0.961614750986622
0.955516992253665
0.920724234252950
0.915164619712565
0.891312245570108
0.900099931099000
0.891312245570108
0.933636943703307
0.913191856771610
0.948701870920672
0.979549437270979
1.01649536979458
1.06563804599415
1.08751945856415
1.12733703529060
1.17576482685960
1.21683963663642
1.31334166944197
1.33594315286392
1.45290071453671
1.46330522767862
1.53093580913164
1.61238239984374
1.69454975560190
1.79250889129920
1.82534236269882
1.89298450662792
1.96834434634392
2.05106382876043
2.12571151440734
2.20861659487256
2.25240327156432
2.31054763473490
2.39345995033072
2.42486697800182
2.50904010858466
2.52070615818629
2.57903736995744
2.59267813121280
2.59878060547631
2.67272963205774
2.67542199969195
2.66931930463349
2.66249866625606
2.64131892916936
2.60775486427119
2.64257534834227
2.59124225747043
2.57831943758777
2.52752634002143
2.51532181961721
2.47350392266397
2.42486697800182
2.38035887071684
2.36528375608452
2.32077690076332
2.23248381051296
2.18600579655650
2.10794656220493
2.07708255511564
1.96977979788631
1.92169270082027
1.85530559228393
1.78084685183360
1.68898810910065
1.63014319575537
1.54941350544654
1.49200759791275
1.44895418844128
1.37020459169037
1.31136853551270
1.23746702503370
1.18329813842278
1.12733703529060
1.10061254306476
1.04178397678535
1.02671838731704
0.966457101313224
0.977397266896285
0.920724234252950
0.930946789407425
0.932919568890224
0.914447251157741
0.904224775659001
0.907632262008402
0.963766905320200
0.978114656778135
1.00824525129014
1.01506056426740
1.03909368509030
1.03496857779644
1.14240334065152
1.17648228394906
1.21558406296059
1.25863272807790
1.31065103272152
1.40159644895448
1.43245061354587
1.49954203456058
1.55282203014665
1.62135248017212
1.67750604639725
1.73976110136252
1.80955352603295
1.87665689477745
1.93622637249596
2.01212605606398
2.07313486572069
2.14078492403443
2.19426050447496
2.26819540985043
2.29960058019875
2.37353916271257
2.41391933262822
2.47081181165973
2.51047592660688
2.53919249143510
2.55570469249426
2.55839691139268
2.61726762010422
2.63037016506198
2.62695990583278
2.60972920630837
2.62965221529432
2.62893426577000
2.58998586874428
2.61044714932358
2.57078116239697
2.57831943758777
2.56862737441261
2.53991041054378
2.49755359944376
2.47152970759298
2.43796833290399
2.35989981257439
2.31682875714407
2.30713789037003
2.27698881061148
2.17362379499878
2.14832166907517
2.07995360656986
1.98610812765500
1.96762662093756
1.89782898710538
1.80399157751571
1.77528497870487
1.74047874955309
1.62547872988143
1.58170501228088
1.50779406736045
1.45020990049206
1.39818816764687
1.36464379692072
1.27513494840733
1.21414912252837
1.19083147678596
1.13756058795223
1.10330291292025
1.06563804599415
1.03550663481382
0.978832046903033
0.988337489003288
0.966457101313224
0.941886771522351
0.952826810159796
0.923414375561395
0.950136631483736
0.966457101313224
0.950136631483736
0.945294318479684
0.963766905320200
0.993179900441370
1.02331070932560
1.03963174315587
1.07657872401519
1.08626396156435
1.14294142496843
1.18545051807756
1.21343165267689
1.25935021324423
1.32840929825390
1.34562957674637
1.41397393773030
1.46743116945868
1.51927520996409
1.54941350544654
1.64108679063251
1.71374651863778
1.70280254829405
1.82875133152026
1.86983880840337
1.91433618897671
2.01140831582103
2.03204344483093
2.13127430785192
2.18797974552336
2.20718098145413
2.27088726334913
2.33531331115288
2.35846409661624
2.40225387113798
2.43994251669533
2.45771025361589
2.51657816405916
2.53991041054378
2.58783206123314
2.57006323282553
2.57490926215476
2.59806266641518
2.62354965209377
2.62749836745134
2.60775486427119
2.61457532638319
2.61188303608400
2.60847280661725
2.58172961851078
2.58298600234001
2.54403845014056
2.55014078428048
2.48104185167821
2.48929770947219
2.47081181165973
2.43725044834514
2.39758770453045
2.33800524995047
2.34285074840747
2.25796639775482
2.20861659487256
2.19767006713385
2.13952880246830
2.10722878949013
2.01356153727956
1.96690889577442
1.92241041066087
1.86983880840337
1.82390700904715
1.74729641949208
1.67535316657070
1.63355185039096
1.56932654313131
1.54187889136587
1.48859917109247
1.43926729193382
1.34491206234674
1.33253497722037
1.26473135974046
1.20123470239433
1.18401559806462
1.15388250240100
1.11011853185240
1.07998648773127
1.04250138848129
1.00609305174932
1.00268540695006
1.00752785120015
0.981522262036053
0.943142182921277
0.947984491003706
0.952826810159796
0.943859561197703
0.929512041847105
0.960359328635527
0.977397266896285
0.978832046903033
0.952826810159796
1.04303944741276
1.03084347853869
1.05272453155852
1.09917768053948
1.13684314404981
1.17307436493904
1.18814099572257
1.22849857060677
1.25791524315466
1.31818482415386
1.34832025791019