0.0577271572715419
0.149377172499590
0.352927337585269
0.728940526824348
1.26212232336427
1.80097774502386
2.28673829003258
2.56460802826125
2.51067663647621
2.15561381695554
1.66244372435726
1.20580306438047
0.941887052778949
0.995531366416080
1.33623519058253
1.82857950419761
2.28906167894482
2.56805331737644
2.54437004030330
2.22457778669877
1.74030243031770
1.27038834940635
0.975936439820069
0.969082890020273
1.26324554653396
1.74561802703770
2.22702095810204
2.54817958073224
2.59651562070152
2.34367697693882
1.87787323728845
1.39005099213973
1.04303085744845
0.943242911754051
1.15021060162588
1.58930317435141
2.08933266414321
2.47673913123576
2.62827823103320
2.48825538894477
2.08484877799913
1.58413791421293
1.15322597555704
0.935999698216727
1.01059862424943
1.37142881897685
1.86104543703042
2.31741171761429
2.60502540418161
2.59928379841936
2.30509936090115
1.83040149794413
1.34968414685604
0.999549749308059
0.916879254813801
1.13643963971572
1.57663589593107
2.07160691033872
2.47390229657729
2.64471501185523
2.51247715776674
2.13289374948162
1.64190344761278
1.19581677810470
0.939587659759548
0.957492078875950
1.26366570486541
1.72492850619374
2.19786999883878
2.53242326919065
2.63128794664295
2.43373703002456
2.02006636577703
1.52836881269778
1.11336553083558
0.901597269953096
0.980857769405992
1.32072134002629
1.80584863872276
2.27017987614793
2.58352826025034
2.63075433196491
2.40585841571235
1.97477807856736
1.48857052445749
1.08806265061057
0.900015007344329
0.987454361763277
1.33305887155028
1.81581974432861
2.27631799140194
2.59128487244235
2.66015113579336
2.44264430960903
2.01213743137331
1.51731833300007
1.09725911234360
0.887286081395540
0.950255039886136
1.27532855994900
1.74767271138113
2.22280431146187
2.55025981297428
2.65429571071441
2.48781685408916
2.09455470553852
1.60984772797562
1.18293177592449
0.929436108362007
0.925058801864440
1.19358153752781
1.64457647604000
2.11927723441925
2.49216395299090
2.66628646913144
2.57455913370479
2.23385553339977
1.76270525091127
1.29814536082442
0.962811614383224
0.861274390400816
1.03769263428302
1.43697029261977
1.91646540568003
2.35629984469609
2.63187034666372
2.65569979715484
2.41611673934584
2.00325844862665
1.52963984805569
1.12135420676433
0.900695965524091
0.932161324052141
1.21026264625417
1.65264680360084
2.12487147083909
2.49969988319332
2.68383882011633
2.61073476832572
2.29887567105938
1.84867166506552
1.37876244072620
1.02017628566702
0.874687602290847
0.983220099633022
1.32784553496756
1.79294394557948
2.24752510100018
2.57908248020585
2.69902080772568
2.56361289817531
2.21318079644509
1.75053010221918
1.28626462011216
0.960371448572836
0.858691449824266
1.00772872303781
1.36878478165231
1.84540030673621
2.29180432390826
2.59408146913242
2.68922150525002
2.53314351305068
2.16857393399255
1.70796735230430
1.26573177889095
0.949853005651548
0.856929758683692
1.00980335719825
1.36949727197122
1.83761747753087
2.27536843615326
2.59049316838011
2.69934294454273
2.55858641436736
2.21126818871481
1.75942227210262
1.30774812891555
0.977624424251393
0.848285939839027
0.956527668059728
1.28843959267786
1.73519540093874
2.18597298245249
2.54179376358810
2.70720553132478
2.63736438219999
2.35438704861367
1.92480629046917
1.45804779281794
1.07549881968069
0.870205252690477
0.891946710641704
1.14240777225684
1.55151126895281
2.01361295909150
2.40853805636678
2.65552185323656
2.69209344975822
2.49714413161662
2.12808248764932
1.67078536678620
1.24290788645362
0.941636297672196
0.838706812124891
0.975542221881351
1.30795224982095
1.75719007776694
2.19566020565382
2.54817823670999
2.70494390289400
2.65566688767007
2.38420137615621
1.97474761067765
1.52014996194421
1.13089081503776
0.884950364506872
0.853881459385484
1.05206363968033
1.41723899662978
1.87072134331563
2.29646266376007
2.60721840875395
2.72687578413374
2.63241235688123
2.33162735958356
1.91244977156354
1.45323335187199
1.07725546967186
0.857867215163198
0.843911612694182
1.04908849932019
1.42613470805087
1.86838013438669
2.28192218683685
2.59188789288084
2.71247881784306
2.61966611125348
2.34285432426576
1.93544570568565
1.49179500010592
1.10681380824946
0.877847938270443
0.841182958643843
1.02346898400976
1.38013987970438
1.82812194580171
2.25741784145206
2.59020963507113
2.74001483032406
2.68416762772122
2.43322494797035
2.03839876174772
1.58820711273757
1.19277722175274
0.911392084353729
0.817506251367700
0.942998255583371
1.24967659695289
1.67030652905864
2.11160802061752
2.48548111690153
2.70620475757767
2.73714323591487
2.55804727351630
2.21893839945051
1.78677830579582
1.35369432452841
1.01141518221480
0.835156775182767
0.862673006066479
1.08424216965552
1.45091751353749
1.88153808821590
2.28316823135644
2.58614431358991
2.72224293410406
2.67267656875080
2.43059820980907
2.06534024508655
1.62853082310002
1.22090401686580
0.923089603329391
0.804164789417431
0.879322331578415
1.14387321370905
1.54327974341455
1.98596914163989
2.37806311683328
2.65351557941453
2.75580695306223
2.65516636786564
2.39119071883886
2.00705989611064
1.57589007798015
1.18430171752186
0.917561948279828
0.810403564064874
0.902205849687372
1.16399157227613
1.55339027973124
1.98046998097858
2.37239167977136
2.64457914816762
2.75986352608457
2.68018221513721
2.43045588032957
2.05083790102493
1.62429480102275
1.22929272238146
0.939013448594460
0.811048976666910
0.869092917033610
1.11257929890399
1.47746515193369
1.89958562926981
2.29971522663551
2.60186587149840
2.74410485750658
2.71686210680053
2.51479174283069
2.17420906643007
1.76408440335102
1.35716329460371
1.02880886215846
0.835693858551521
0.821990150725612
0.985791432992899
1.30290583756410
1.69723453185036
2.11694049868511
2.47014979380902
2.69798407959343
2.75821205283611
2.65239976837796
2.38637505093446
2.00443245728714
1.58966318076105
1.21260770944594
0.925741046077188
0.796270578371261
0.856214537158123
1.07641258494699
1.41527721575921
1.82482827190698
2.21705635529891
2.53506978428752
2.72608689109887
2.75236067122580
2.60283258867736
2.32296064616529
1.93912052633069
1.51929780280000
1.15430284518315
0.902349376217412
0.796019245014272
0.871962988304483
1.11156979269027
1.45782836337051
1.85819705299985
2.25355425569379
2.55462919566835
2.72881394583130
2.74769390981350
2.60774790491015
2.31968955043634
1.95278634723805
1.54623948488109
1.18314516534157
0.914366063092561
0.789850271853362
0.841041175610292
1.04247171794633
1.36626363778172
1.76486542590240
2.16882297415932
2.48755105306630
2.71018672050739
2.76976986677068
2.67116990515240
2.42061128441946
2.06916623109701
1.66945313777984
1.29099140102423
0.983207136547182
0.815712358063876
0.801758189400936
0.945574138989147
1.21779708004276
1.58609538276921
1.98469027744240
2.34678650398975
2.60968440920588
2.75659530912018
2.74457077587040
2.58107566214722
2.29671969434090
1.93749665153209
1.53668967326839
1.17862273559267
0.905326632959829
0.784220183380585
0.816505498094723
1.00042773606052
1.30494477785029
1.68900147782301
2.07802110543052
2.41454467919522
2.65347224420193
2.76287629412905
2.72428984377675
2.53987275176973
2.25124359485967
1.89256199343816
1.50478604581064
1.15221488800931
0.913144958034682
0.789850233307006
0.820233986444569
0.999922402621346
1.29977040966772
1.66492298733362
2.04956188567179
2.39523631943055
2.64166502590188
2.76147701543729
2.74123235354729
2.57953309551639
2.30449944745248
1.95693505995022
1.57898563758967
1.22066453060147
0.951063774873082
0.800396802226642
0.801472968262578
0.938468922938831
1.20092818217515
1.54776359199056
1.92471105299074
2.26793224135630
2.55131976905073
2.72863278002941
2.77202961680019
2.67069987183059
2.45940147851282
2.15438006428908
1.77726610305084
1.39840277056051
1.08541359353695
0.860878784481418
0.772883667257215
0.825291352971528
1.01548797318997
1.30988650929407
1.66599037307475
2.04012286398261
2.38306715594038
2.63060847794131
2.75957541799759
2.76205215046837
2.62705219111090
2.38388336879316
2.06942987563670
1.70312714113385
1.35218573157613
1.05014413378284
0.845703235267407
0.769475708270070
0.831747787258230
1.01114689359073
1.29797183745798
1.64355927941375
2.00372499882676
2.34020996194193
2.60322203421598
2.75110512677634
2.77533409092034
2.67055768952259
2.44274795530020
2.12731808831137
1.77140926027000
1.41827015668853
1.10926075230115
0.888387607997839
0.785759365400687
0.808322239392251
0.956797111512880
1.21380483208827
1.54198130674832
1.90417876396181
2.25533160130738
2.53545549923643
2.71072200424584
2.77673243753139
2.71991003793605
2.54025998064687
2.27574349561736
1.94813337804002
1.59798993369134
1.25951082533253
0.989658498739839
0.814637263758197
0.765924704242535
0.841182198435221
1.03385322152643
1.31780918033709
1.65984779324536
2.00712785807380
2.32624188610232
2.57941948237236
2.73139527128074
2.76603432091483
2.69510548142170
2.51355567395108
2.23863497502570
1.90833484826523
1.55916649317476
1.22783204866817
0.968492251365163
0.810977794785163
0.775931718406283
0.863492791389103
1.05709553114094
1.33750087875883
1.67487799465958
2.01749974079035
2.33496621269208
2.59345634250074
2.74367295578426
2.78161463831969
2.71413054504772
2.54187384417534
2.27914983788630
1.96632143045131
1.62464575544423
1.29301720681864
1.01659813698209
0.834473881843058
0.758392142567927
0.794800026004774
0.947898847222337
1.19435333700702
1.50078460021474
1.83846794799530
2.17934729726455
2.46467196707115
2.66621111835550
2.77849198353765
2.77946117872778
2.66728772892319
2.46958573592541
2.19481274254206
1.85791590554218
1.51764932946132
1.21889242313073
0.970065548111318
0.813234873497926
0.772737736152170
0.836227676471155
0.993849769424106
1.24963843697492
1.56622921213491
1.90280665448604
2.23106150994689
2.50860313926599
2.69880481030888
2.78107677189469
2.77066685220513
2.65648268335087
2.45081237884508
2.18518542277463
1.87800346695551
1.54814153550659
1.24170868889476
0.995645759876041
0.824069186914984
0.770729792170389
0.819010724210620
0.966799850477232
1.20177449546896
1.49054951156963
1.81029183705635
2.13322685523496
2.41976896545719
2.63035240168742
2.75260920962728
2.78462902859558
2.71574379991734
2.54499390698350
2.30688837936008
2.02133056504993
1.69213012886630
1.37147131214357
1.09870865659641
0.893336222503060
0.778944612171038
0.765278314664325
0.860765269817370
1.03922681987846
1.29702553504609
1.59865703288603
1.92755966903335
2.22657089686080
2.49244763479906
2.67564966531209
2.77368039444313
2.77464960999939
2.69097553859919
2.51459104651919
2.27336524027008
1.98533221694290
1.66733316024241
1.36307263932811
1.10168202661431
0.902839557864034
0.790636501176566
0.783534305854848
0.863022801541369
1.02437280697474
1.27126284579900
1.55731737878510
1.87050102314587
2.16756704946308
2.44754643729616
2.64266336305007
2.77070241963968
2.78865075169495
2.73100121219835
2.58257222136656
2.36635531808042
2.08950648107084
1.78832648990322
1.48143708721684
1.19868650718794
0.973326817672113
0.830200116243558
0.780412832491511
0.814094140539905
0.936413249753950
1.13181134178002
1.38294283368884
1.67202746859313
1.97646441471238
2.26654851799321
2.50615705110486
2.68293526440452
2.77946033536069
2.78602945578398
2.69772351967956
2.54298177764201
2.32350070428503
2.04543599468834
1.75057207960066
1.45272918255728
1.18587777240124
0.967873215653938
0.832962054214355
0.775749869442686
0.812408296811671
0.931713650230268
1.12180219371385
1.36374737789161
1.65160841278635
1.94495421425740
2.22369149069031
2.46753433943608
2.64800692615257
2.75027463786618
2.78204352881622
2.72751617026155
2.59631744729108
2.39478037922955
2.15453166975447
1.86528935173957
1.56922675439564
1.28413977779316
1.05149539542927
0.870842345472259
0.781489902915555
0.775069313232235
0.849533626264982
1.00252283143079
1.20628321938293
1.45946754216358
1.74073757028855
2.03269506602616
2.29593711156801
2.52076122451234
2.67988159894487
2.77177705932779
2.77698215875767
2.71222415960313
2.57966255753525
2.38698844501247
2.13260168566108
1.85868496797886
1.56603338217038
1.28765627313987
1.05489881675130
0.885476166733792
0.784358722181786
0.770836189201686
0.838305836216894
0.971566069762605
1.16384426277346
1.41196402617254
1.68554750867346
1.97685565036273
2.24587130951813
2.47984377082743
2.65195548000887
2.76398732220911
2.78846948811935
2.74794112584153
2.64513381118409
2.48206564821821
2.25874922266253
1.99332604101052
1.71091979548524
1.42825653190247
1.16929994170239
0.959370731608445
0.823601251511417
0.765169902479570
0.781454336943958
0.871235289285400
1.03093273033319
1.24430944234090
1.48436345663948
1.75318295242990
2.02831165449284
2.27841722098783
2.49021414173486
2.66096452655977
2.75407928218454
2.77601257975673
2.74219716860845
2.64251272750875
2.47599706751933
2.26079443735406
2.01420895366486
1.74152279702291
1.46872206098368
1.21704478744655
1.01037949298185
0.860294981918134
0.776432374441207
0.769186874714324
0.833356652408348
0.967044414785000
1.15465836536311
1.38293413518666
1.64313243445648
1.91473310606610
2.17458899680356
2.41060552704532
2.60188074083398
2.72701366046780
2.79450126468064
2.79162945441664
2.71631670870089
2.57991346406704
2.40015865625932
2.16891472263247
1.91508771862114
1.65845008887599
1.39814949824541
1.16466831066825
0.976227716963654
0.843650764645649
0.773561761196055
0.790527552666151
0.859467885422461
0.996171339176791
1.18665611816607
1.40987649677171
1.65909726606657
1.92632017527714
2.17300737661309
2.39656853579163
2.58141887832779
2.70439693223569
2.76861726968995
2.77410961449863
2.72220161314037
2.60500072722729
2.45054803977558
2.25282076627679
2.02324404758073
1.76397877462129
1.51145199800984
1.26551360995391
1.05313769156519
0.891643652981258
0.796266793100906
0.762729877060984
0.804050459832449
0.900790268580780
1.04176232452914
1.22981053778316
1.45288990674591
1.68966426203461
1.94386847898051
2.19518771105030
2.41860793983149
2.60069591211988
2.72780277483534
2.78681834081805
2.79245436659774
2.73699208671933
2.62334393134358
2.46899715445945
2.27155701442064
2.03648712292754
1.78981283680501
1.55084197691450
1.31340135301834
1.10579547832401
0.944193325265645
0.830916272707843
0.771373951337796
0.787227880996433
0.858247987616456
0.982609815288896
1.15802635198031
1.36319567855295
1.60340868599391
1.85390342102888
2.10004444536964
2.32212767343583
2.52570907720559
2.65482378287013
2.73986276058677
2.77123726646421
2.75562159901929
2.67976963069126
2.56666200650661
2.41673351109316
2.23067430539783
2.01764076806579
1.78055185550181
1.54036564297606
1.30809385212542
1.10568938077074
0.935332490358792
0.835971887459223
0.788338345073714
0.804228076733042
0.860182771938770
0.977585013828549
1.11910020725620
1.31192714935891
1.52870397091783
1.76508651595222
2.00300384583272
2.23875223405788
2.43866741812748
2.60216654914800
2.72320757816310
2.78908010852628
2.79331609434851
2.75031021453030
2.65335174300647
2.51684206655867
2.34527181278983
2.14443218124005
1.91594244534626
1.68610923166876
1.45274836185485
1.23364868287537
1.04904350025789
0.906313432884901
0.812872826702831
0.772485459365384
0.791639154357962
0.865385478913617
0.982930722588228
1.13248146819230
1.32735197704000
1.53537240844565
1.75381721160767
1.99241561809563
2.21502797294348
2.40672135097727
2.56870933365188
2.69811421537012
2.76344808719266
2.78398183157909
2.76111476236925
2.68730976375230
2.56763130921376
2.41274896758621
2.22615104040970
2.01530806200533
1.78683102405409
1.55550307316224
1.33912158218639
1.14532479804173
0.987557305674076
0.874100226274309
0.810612092778908
0.791601924290896
0.818000711479871
0.891747367083813
1.00506094694638
1.15572626055146
1.33883323867316
1.55521465633105
1.77846981122515
2.01064389399010
2.23117820975510
2.41903120406320
2.56501026581006
2.68235429879610
2.74574881215913
2.76053894706470
2.73889248552811
2.67973385568730
2.57732075505419
2.44436831990601
2.27955212016549
2.08679303846780
1.87352440866062
1.65176807067255
1.43946811772586
1.23267718910396
1.05901433786844
0.930093271442631
0.833066540255006
0.782599514910449
0.783280998558361
0.834177894504156
0.921197103141306
1.04832277940554
1.21061344404865
1.40165143692002
1.60860187539955
1.82188529488227
2.03597596727254
2.24021908737835
2.41834769127030
2.56856489002203
2.68152946706039
2.75163663528775
2.77522191366069
2.76290878249650
2.70306677941314
2.60733031509671
2.48302637554845
2.32965581564764
2.14263356491790
1.94181002926951
1.73224890776047
1.52130644946037
1.31328790350772
1.13398775093174
0.987700603585650
0.877399718011004
0.810360749203381
0.791888705264531
0.817749448503834
0.871659601849100
0.971413404555326
1.10388747512652
1.26015410435511
1.43835279995696
1.65119095684745
1.85198936566010
2.05226780106728
2.24886679963252
2.42958164535126
2.56978602119333
2.69111495771386
2.76215562686288
2.79338730446101
2.77874060920744
2.72133950627541
2.63328282900183
2.52031975467414
2.37064401880115
2.19840385286238
2.00593897523126
1.79787774480312
1.58710825328098
1.38593694299598
1.20063894909890
1.04448476275707
0.917789019516110
0.835146061918768
0.789701108431240
0.779873430587862
0.817642182851185
0.890275961401229
0.993295181873301
1.12659507423403
1.28669984950506
1.47394342633466
1.67117557538139
1.86856754722561
2.06529380046009
2.26146248209490
2.42247418119969
2.56256944284135
2.67115450146523
2.74248225800554
2.77191898666002
2.76165203617290
2.72273802119916
2.65083544627148
2.54210759637544
2.41095040895661
2.25758604727274
2.08072310241830
1.88962855674529
1.70414849077778
1.50623330634118
1.32146586516041
1.14887319117019
1.01119501735162
0.898023547073783
0.831809346987223
0.798990165057779
0.808315761965226
0.846371875335313
0.921911820789442
1.01904865717311
1.14657350682897
1.29832264903121
1.47458749116682
1.65757482232029
1.85579158931533
2.05456297425002
2.23116983794376
2.38492778805028
2.52624091591458
2.62865097079375
2.70547154401797
2.75368246940659
2.76750331920679
2.74122563185097
2.68892269651763
2.59429896937451
2.47803489988759
2.33593500222804
2.17711892760453
2.00367161062986
1.82517892538967
1.63575731186395
1.44728558942885
1.27687129857630
1.11716018139266
0.986729387357015
0.884787524954708
0.828402237090715
0.798452283827759
0.809535409748101
0.846371940298621
0.923274435744239
1.02263523220795
1.14208898488512
1.28468904795512
1.44875274018761
1.62079371618225
1.80569553189505
1.98734413973727
2.16710654880166
2.32868510061565
2.47379920075991
2.59060199785944
2.68346593248045
2.73932301134031
2.76452362258212
2.75551311288558
2.70827122556684
2.64196853352322
2.54652056904287
2.43312962163570
2.29892802164239
2.15012897150906
1.97819237906457
1.80490466139850
1.62273149488933
1.44373061254814
1.27550637461072
1.12784950216896
1.00018085103668
0.901107529045889
0.834463470898157
0.804370253808368
0.804083312924039
0.829370056533256
0.887943191663091
0.977294536853088
1.08429837234473
1.21541473905634
1.36078002988471
1.52172748172735
1.69076104459028
1.86461471534080
2.03571893190846
2.21081903124936
2.36633527523200
2.50283846317886
2.61249805696567
2.69287055528517
2.73943014809058
2.76312330147782
2.75791792947668
2.72629141549502
2.66591190135106
2.58044289620451
2.47433660923203
2.34411542782179
2.19735766289315
2.03363679829444
1.86486732045365
1.69456415169395
1.52212218626492
1.35349788778960
1.21046440200302
1.08114271158006
0.962516391192678
0.876465194038104
0.824743280407010
0.800532459760649
0.805876734862937
0.848990168751773
0.911078709115475
1.00344370107385
1.11715690345388
1.24590616563755
1.38779541437718
1.54931846953856
1.71300642430552
1.87247155509227
2.03632561552036
2.19419962519502
2.33629180577042
2.46776877090830
2.58130404693080
2.66691662262703
2.72169639418671
2.75088161731020
2.75307145084476
2.73034760229583
2.68554691421281
2.61529655017511
2.52778280379869
2.41478781202904
2.29289678649779
2.14940852507975
1.99936232655276
1.83429127119803
1.66991369398723
1.49994935171042
1.34546131600204
1.20310832713559
1.08117648898473
0.974854841482271
0.890705221955147
0.831988717568201
0.807383147023584
0.813122016718858
0.842282484124012
0.897949925705477
0.978835193185351
1.06926589898108
1.18108177154870
1.30875867399279
1.45657114883577
1.61135435884551
1.77397014788041
1.93096395650240
2.08714156196218
2.23389287389902
2.36862972593611
2.48639649816953
2.58144639518465
2.66020298907154
2.70895189399238
2.74111705199095
2.74370175547149
2.72726033104517
2.68289064062372
2.62305016882170
2.53855005136621
2.43190823196038
2.31827164071536
2.19093202851977
2.04734219806910
1.88309262276815
1.73758474850864
1.57866669133403
1.42263096475245
1.28343011638676
1.15711933970229
1.03558412582714
0.940599050297736
0.874528124808859
0.821442946119798
0.809534870170919
0.822662436755114
0.849921834626116
0.901070303606818
0.976180610869266
1.06456660045990
1.16569119682409
1.29142994570971
1.42542804778884
1.57543743926179
1.72750163005766
1.87878518912304
2.03115666762444
2.17779593233165
2.31073551526101
2.42767333223135
2.53460196137169
2.62430642169298
2.69085992539891
2.72374234796743
2.73950163045722
2.73483482964078
2.70317226296778
2.65510479491072
2.59253704977559
2.51173654443062
2.42164146715639
2.31320972178329
2.18874068791988
2.05839397933730
1.92507633180431
1.77450598503022
1.62530965509862
1.48638396867283
1.35170101617854
1.21907096706803
1.10355994462604
1.00434011670626
0.924708025318060
0.861650656321638
0.828257533319802
0.828544478189854
0.848271804340332
0.876320679649511
0.935432204107340
1.00631054067733
1.08827712858113
1.17777899480295
1.29957282972878
1.42176758204218
1.55494762993035
1.68813680508245
1.84498107060035
1.98748305462470
2.12891564567700
2.26418361049922
2.38822498231168
2.48930206661007
2.57516372265861
2.64458740056963
2.68935126328324
2.72126476998173
2.72603924860342
2.71085425268522
2.68565364998469
2.64117695014559
2.57695750508818
2.51040684344162
2.42537374504571
2.32803165018349
2.21285906063047
2.09029837731385
1.95313792548290
1.82022041563485
1.67102031923376
1.53743924571943
1.40332707914711
1.27331328194845
1.14904587149566
1.05269298370213
0.970333604600622
0.898630798548702
0.858960142724905
0.846226945242499
0.839663119421778
0.853328789573799
0.895904229285527
0.939126056310697
1.00480476617450
1.08949669122385
1.18556337396169
1.29462193261692
1.41778349383098
1.54590601682422
1.68142680064457
1.81846176416050
1.95834176584779
2.10293098595087
2.22653364716416
2.34429288632489
2.45107381330043
2.53941076217593
2.60962377465002
2.66440233941268
2.70162838973435
2.72517765492656
2.72765465728657
2.71300803773764
2.68795117046556
2.64742267769352
2.58894680617385
2.51977567796448
2.42476444119048
2.32017341054448
2.20654199899543
2.07827514477163
1.95098240757661
1.82969188946535
1.70101646719380
1.56675104150150
1.44465727338911
1.31751039311013
1.20077416177768
1.09362232169388
1.00548668588617
0.938588631595746
0.884677537630364
0.849777715565923
0.841169437270350
0.843751905666771
0.857310014030843
0.894361944563626
0.949385170667774
1.00957504849031
1.08307439669882
1.17379576626687
1.27234169893345
1.37401358446140
1.49294781768924
1.62516396325654
1.74615602536712
1.87099465666319
1.99788555294481
2.12765703545897
2.24279224692647
2.35778826302071
2.46622211225029
2.54920979245631
2.61755677463524
2.67122305827506
2.70765933162438
2.72151616955654
2.73616274194549
2.72384941985013
2.69592056570230
2.65772537913572
2.60265969104460
2.53104707475990
2.44464849296020
2.35606374482073
2.26091383397843
2.15550490515697
2.03667980109480
1.92414039967543
1.80109289866738
1.66897369809530
1.54414631863932
1.43464571831588
1.32364283648941
1.21741797399870
1.12547556345860
1.04006589591270
0.964809619208847
0.902002196143359
0.864125001689344
0.832920058932195
0.833601546274159
0.849204108170509
0.879046336751783
0.922411701161896
0.981236729864560
1.04637763470849
1.11891019352534
1.20554347852586
1.30545495124831
1.41480512804468
1.52527342741874
1.64421496516450
1.76108138462836
1.87468980953331
1.99121038275314
2.11111131359813
2.22664036105286
2.33754436391583
2.43721904177346
2.52128303891796
2.59059773841904
2.64512518475700
2.68540236809823
2.71318767860641
2.72510587196563
2.72194679903493
2.70001292719119
2.66878162272597
2.62513006599878
2.57254176717042
2.50638614060004
2.43696628015325
2.35222258187977
2.26292321293076
2.16350788460510
2.06014918247645
1.95586130390010
1.84361367150259
1.72509137638844
1.61396763449917
1.49929770179146
1.38527792186103
1.28672692221475
1.18749942939283
1.09745927369063
1.02614707719721
0.959213325549267
0.905158137538569
0.869038788336939
0.854404587568468
0.847984209423797
0.858816285606342
0.881269693165670
0.922590195442744
0.965669277262368
1.02381491167988
1.09222120916905
1.17171440445906
1.25601786199916
1.35428038979273
1.45692458541704
1.56545750567228
1.67223718855214
1.78530190959120
1.89263106578980
2.00448810177772
2.11265402187090
2.22258340491904
2.31826884737116
2.41273813329164
2.48750538897072
2.55746547699440
2.60183291553374
2.64595025031017
2.67664294487233
2.69606377159436
2.69810998191936
2.69810998191936
2.68220710957337
2.64523255867274
2.60305352265432
2.54734269293605
2.49310449016150
2.43258569882543
2.36015365063423
2.27487508492539
2.19656206757523
2.09811826751675
1.99228500708782
1.88918581778427
1.78282702181540
1.66003896564982
1.55150096105052
1.44077937270208
1.32981340636012
1.22879010833116
1.14872075757863
1.06635807878939
0.999745327900107
0.945403060403640
0.910538396424292
0.874705808262968
0.864160524446780
0.857309726408704
0.867424392581667
0.884784627798993
0.920904175850482
0.952253850824561
1.00641763566436
1.06840214277951
1.14025382413543
1.21594628453081
1.29953284640132
1.38918733788080
1.47898769961574
1.57395967219720
1.67302602433989
1.78447651501551
1.89248891826322
2.00377019248696
2.10945916729581
2.21213802901702
2.29727064785459
2.37817239231761
2.45347698328504
2.51934406082920
2.57645447034128
2.62753507499799
2.66163759939885
2.68026839823981
2.68877622805983
2.68931470350299
2.68619153825826
2.66386304885342
2.64250410931931
2.61044807183139
2.56048046574751
2.50049862145529
2.45038944705926
2.38068423237925
2.30276192046054
2.22581184801417
2.13626768743880
2.03237105923532
1.93422173124997
1.82936688147561
1.73093854261787
1.63237213094141
1.53711109204965
1.44389926009800
1.35646829730846
1.26111186912421
1.18050324692556
1.09907294307723
1.03027151797972
0.970188891417662
0.926930413416026
0.892747232853712
0.877431475824430
0.864698339814445
0.863335370152125
0.881413002614922
0.904117787570100
0.939699976127212
0.983065942909247
1.03382158876876
1.08074094956981
1.13713155794492
1.20335395241674
1.27958694844093
1.36210027285402
1.45243826678894
1.54137993645088
1.62828114734363
1.72067599225373
1.81677046102913
1.91778670512048
2.02307702264056
2.11972263394081
2.21213763679714
2.29676762163551
2.37235716395395
2.43477574296776
2.49708850289348
2.54569073296525
2.59346855937417
2.62290403345404
2.64946792052195
2.66411418513560
2.67053986032915
2.67053986032915
2.66766801672803
2.65345254026169
2.62498612261439
2.59677131354018
2.54913706381190
2.49518592044046
2.43369870935336
2.36467648618674
2.29281977296295
2.21913543770951
2.13999798872795
2.05153380174371
1.96996353168923
1.87687660451283
1.78669982736602
1.69322542570957
1.60564075614162
1.51091981287886
1.42466938736961
1.34035908849086
1.25221422500785
1.17655651313707
1.11073075899997
1.04806311954461
0.987692907357333
0.950209097109818
0.920222393067265
0.899024014917064
0.882883308558188
0.889196130453463
0.894110086949310
0.906018428157937
0.931198345950624
0.964879317375559
1.00455181791315
1.04573086213010
1.09186091089352
1.14685303032236
1.21443826680958
1.27904854769166
1.36145452872938
1.44328854000459
1.52745860455008
1.60438401303289
1.68457760808774
1.77177248394894
1.86237877281507
1.94875479013523
2.03771721249584
2.12833450941576
2.20456399330750
2.28316494690187
2.35986668465071
2.42835068991269
2.49148920668260
2.55516784936268
2.60036102768642
2.63033482984462
2.65991415476320
2.67290915016203
2.67606820462300
2.67714514615592
2.67222714336745
2.65880132003567
2.64157047304999
2.61184757428622
2.57774575492914
2.53556814842992
2.48721717108826
2.43190370882728
2.37343322272113
2.31374369834084
2.25333832151177
2.18202442118876
2.11451660754542
2.04525262606332
1.96188801125357
1.87210342270640
1.78174905059221
1.69085839496459
1.59354907555010
1.50977035257447
1.43012130198755
1.35786602886117
1.28026737551327
1.21239372710771
1.14631530779828
1.08622965317718
1.03640437479473
0.988804655028594
0.957310959119689
0.933099135707035
0.919971106576120
0.902323817705313
0.902861840407531
0.915057298996596
0.924741862254581
0.940201414524568
0.970044414024341
1.00096393365544
1.02628856652798
1.06872391226228
1.11388625426853
1.16532732197766
1.22731663846739
1.29694924931945
1.36098696206447
1.43241714524604
1.51152805002476
1.58734097590175
1.66606364808067
1.75135467260522
1.83883807718047
1.91441086197320
1.99271370228081
2.06922577816064
2.14233065987874
2.20887033281428
2.27935966843160
2.34920566985060
2.41453179212649
2.47436731555363
2.52501481575729
2.56719199698858
2.59415003426405
2.61044724128693
2.62728311412470
2.63948823638978
2.65101141364167
2.64950372845528
2.64551911112742
2.63223702354365
2.61852423410458
2.59002199299407
2.56184362618841
2.52458388330622
2.48459654448744
2.43847170143104
2.39234808158595
2.34303147655228
2.28747101068015
2.22258038244247
2.15015477145279
2.07320949715466
1.99655403376983
1.92277181184992
1.84350244874492
1.76997692184384
1.68963714254510
1.61611691602779
1.53657139914574
1.46402548226727
1.38505986195293
1.31894078391097
1.25913652346480
1.19919124959902
1.14638621096260
1.09218435017479
1.04648462901260
0.995476510491270
0.961005542720954
0.928866568555182
0.916563604577657
0.903722655240946
0.906305197131017
0.905910644542826
0.917388569612940
0.933278470847335
0.958315095692231
0.984715316150400
1.01958083650891
1.05530786938289
1.09455094730062
1.13461980066898
1.18416052535854
1.23384526421850
1.29895800006772
1.35646608023153
1.41928531473057
1.47909346081092
1.55081478135852
1.61873641671102
1.69114384371506
1.76355358321431
1.83474597251435
1.90604878714606
1.97268931176769
2.04934415820243
2.12122791118971
2.18966856886791
2.25814779318197
2.31797888590086
2.37806358864329
2.43172416596768
2.48542211301219
2.52526574918860
2.56004847468350
2.59278637937811
2.62372954767925
2.64178593461446
2.65575004162311
2.66425770636172
2.65126275280441
2.64469342253447
2.62907801310186
2.61224216736821
2.58948364953862
2.57099704060782
2.53718275547216
2.50390769957844
2.46431558620425
2.43186706941687
2.39295808564610
2.34475406321589
2.29698182692683
2.24249936522445
2.18485912503067
2.11465970445527
2.05250148251673
1.98636144166222
1.92094149958795
1.84332261038495
1.77539528995876
1.70093945088402
1.62827985200978
1.56190131933132
1.49814461584926
1.43438968380073
1.37200038771816
1.31025849582017
1.24593506519003
1.19201665546491
1.13809974371944
1.09595001617611
1.05258180875419
1.02259385507533
0.986616193312970
0.964448755837385
0.945688992152022
0.935287022120925
0.920652523873468
0.918034129424559
0.924598152607114
0.933637170184696
0.952396770211176
0.974563927932857
1.00085621254924
1.01509654704448
1.04795428381916
1.08160169035095
1.12170639008958
1.16561419868710
1.22075068967212
1.27258931133271
1.32378297725207
1.38057457157207
1.43941243198582
1.50155272147594
1.55673464096449
1.61819673852783
1.68019903682230
1.74496600974846
1.80794078821323
1.87486479014657
1.94153954301821
2.00778582261850
2.07130654455801
2.13770035202890
2.19519525685585
2.25527611625423
2.30990299797299
2.36521325940994
2.41366936276123
2.46158774500850
2.49802085096484
2.52691636671773
2.55620752840663
2.58018637609765
2.59773985897718
2.60854476174001
2.62279582252034
2.62512915165349
2.61705229238995
2.61374974108811
2.60596013230583
2.59569357676452
2.58363219849304
2.57361710685294
2.55103839687698
2.53118810591618
2.50311788497942
2.46137237261178
2.41675604193184
2.37867290011709
2.33976472072079
2.28689581313975
2.24458018443990
2.19720515432506
2.13299920178206
2.07112676384727
2.01596780226859
1.94710178395670
1.88616805838370
1.83704218276332
1.76861260455210
1.70538780958720
1.64614830755614
1.58113329191358
1.51267517553234
1.46050818894020
1.39919417616549
1.34046518719907
1.28858950245785
1.23646398651892
1.18419580971883
1.14229642923619
1.10656793169328
1.06416804571670
1.03432342592691
1.00695426360550
0.982204008711143
0.965668043780339
0.954584509512011
0.946944338008100
0.946944338008100
0.948594310000377
0.947087811664355
0.955158317616116
0.963766971407643
0.975137693010118
0.993036715344545
1.01929359645165
1.04379300770048
1.07374531260589
1.10617327435628
1.14093325626049
1.17748755410629
1.22591662144420
1.26645425179979
1.31215893573034
1.36295883908670
1.41494383843067
1.45914467986920
1.51823612264643
1.57819063882792
1.62526491459499
1.68716013890623
1.75124519949759
1.80589507916643
1.86542743860309
1.93127561791046
1.99178021317679
2.05540840060079
2.11397735909627
2.16587314860189
2.22652712186628
2.27196507961915
2.31481990474207
2.36137221179031
2.39873680984367
2.43498978042492
2.47127904321043
2.50839468122946
2.53441882445550
2.55785862616327
2.57415552663448
2.59088337494448
2.59881663618812
2.60635496247725
2.61428817532294
2.61705224925670
2.61403688016140
2.60488313037329
2.59992935798705
2.58582198273852
2.57347353237782
2.54798734139001
2.52950095958229
2.50706612144623
2.48570852108715
2.45519790513714
2.42659058479159
2.39730119257865
2.35473210979767
2.30900533910315
2.26902181162383
2.22932652212740
2.18220213034393
2.13332115824888
2.08497961842925
2.02992768713466
1.97598968832167
1.91932533223307
1.86607230867558
1.80776116283483
1.74998945078085
1.68988699772644
1.63348137419018
1.58174192451026
1.53452474958289
1.47679679197404
1.42943847879186
1.37400897246677
1.31653607872715
1.26548573995331
1.22727982796416
1.18279653889056
1.14584756448872
1.11410090170612
1.07851639244306
1.04827697335287
1.02775883722242
1.00806599208338
0.988194150971373
0.976572438822249
0.966600719464197
0.953867061463707
0.943465017425917
0.946908446568768
0.952791001747283
0.957992049095931
0.959785498888349
0.982490980001481
0.996587809982114
1.01165326291456
1.03572238964185
1.07252565641986
1.09853263992511
1.12999214336189
1.16514695117154
1.19689446369457
1.23316279971538
1.26821197830961